0.0,0.0,30.0,1867.0
0.0,0.0,40.0,1534.0
0.0,0.0,50.0,1219.0
0.0,0.0,60.0,987.0
0.0,0.0,70.0,795.0
0.0,0.0,82.5,453.0
0.0,10.0,20.0,1955.0
1.5,10.0,20.0,1955.0
3.0,10.0,20.0,1958.0
4.5,10.0,20.0,1949.0
6.0,10.0,20.0,1949.0
0.0,10.0,30.0,1599.0
1.5,10.0,30.0,1596.0
3.0,10.0,30.0,1599.0
4.5,10.0,30.0,1599.0
6.0,10.0,30.0,1599.0
7.5,10.0,30.0,1599.0
9.0,10.0,30.0,1596.0
10.5,10.0,30.0,1596.0
12.0,10.0,30.0,1601.0
13.5,10.0,30.0,1601.0
15.0,10.0,30.0,1607.0
16.5,10.0,30.0,1610.0
18.0,10.0,30.0,1601.0
19.5,10.0,30.0,1607.0
21.0,10.0,30.0,1613.0
22.5,10.0,30.0,1627.0
24.0,10.0,30.0,1638.0
25.5,10.0,30.0,1638.0
27.0,10.0,30.0,1633.0
28.5,10.0,30.0,1633.0
30.0,10.0,30.0,1644.0
31.5,10.0,30.0,1641.0
33.0,10.0,30.0,1655.0
34.5,10.0,30.0,1650.0
36.0,10.0,30.0,1650.0
37.5,10.0,30.0,1658.0
39.0,10.0,30.0,1652.0
40.5,10.0,30.0,1661.0
42.0,10.0,30.0,1661.0
43.5,10.0,30.0,1667.0
45.0,10.0,30.0,1661.0
46.5,10.0,30.0,1672.0
48.0,10.0,30.0,1672.0
49.5,10.0,30.0,1683.0
51.0,10.0,30.0,1681.0
52.5,10.0,30.0,1686.0
54.0,10.0,30.0,1692.0
55.5,10.0,30.0,1695.0
57.0,10.0,30.0,1700.0
58.5,10.0,30.0,1703.0
60.0,10.0,30.0,1706.0
61.5,10.0,30.0,1712.0
63.0,10.0,30.0,1720.0
64.5,10.0,30.0,1726.0
66.0,10.0,30.0,1729.0
67.5,10.0,30.0,1732.0
69.0,10.0,30.0,1740.0
70.5,10.0,30.0,1746.0
72.0,10.0,30.0,1740.0
73.5,10.0,30.0,1760.0
75.0,10.0,30.0,1757.0
76.5,10.0,30.0,1771.0
78.0,10.0,30.0,1766.0
79.5,10.0,30.0,1771.0
81.0,10.0,30.0,1780.0
82.5,10.0,30.0,1791.0
84.0,10.0,30.0,1791.0
85.5,10.0,30.0,1805.0
87.0,10.0,30.0,1808.0
88.5,10.0,30.0,1808.0
90.0,10.0,30.0,1814.0
91.5,10.0,30.0,1822.0
93.0,10.0,30.0,1822.0
94.5,10.0,30.0,1831.0
96.0,10.0,30.0,1833.0
97.5,10.0,30.0,1833.0
99.0,10.0,30.0,1845.0
0.0,10.0,40.0,1251.0
1.5,10.0,40.0,1251.0
3.0,10.0,40.0,1248.0
4.5,10.0,40.0,1248.0
6.0,10.0,40.0,1251.0
7.5,10.0,40.0,1256.0
9.0,10.0,40.0,1256.0
10.5,10.0,40.0,1253.0
12.0,10.0,40.0,1259.0
13.5,10.0,40.0,1262.0
15.0,10.0,40.0,1256.0
16.5,10.0,40.0,1265.0
18.0,10.0,40.0,1273.0
19.5,10.0,40.0,1287.0
21.0,10.0,40.0,1282.0
22.5,10.0,40.0,1285.0
24.0,10.0,40.0,1293.0
25.5,10.0,40.0,1287.0
27.0,10.0,40.0,1293.0
28.5,10.0,40.0,1302.0
30.0,10.0,40.0,1299.0
31.5,10.0,40.0,1293.0
33.0,10.0,40.0,1299.0
34.5,10.0,40.0,1299.0
36.0,10.0,40.0,1307.0
37.5,10.0,40.0,1307.0
39.0,10.0,40.0,1313.0
40.5,10.0,40.0,1307.0
42.0,10.0,40.0,1321.0
43.5,10.0,40.0,1318.0
45.0,10.0,40.0,1330.0
46.5,10.0,40.0,1327.0
48.0,10.0,40.0,1333.0
49.5,10.0,40.0,1341.0
51.0,10.0,40.0,1344.0
52.5,10.0,40.0,1352.0
54.0,10.0,40.0,1355.0
55.5,10.0,40.0,1358.0
57.0,10.0,40.0,1361.0
58.5,10.0,40.0,1369.0
60.0,10.0,40.0,1378.0
61.5,10.0,40.0,1389.0
63.0,10.0,40.0,1386.0
64.5,10.0,40.0,1389.0
66.0,10.0,40.0,1406.0
67.5,10.0,40.0,1406.0
69.0,10.0,40.0,1403.0
70.5,10.0,40.0,1412.0
72.0,10.0,40.0,1420.0
73.5,10.0,40.0,1426.0
75.0,10.0,40.0,1423.0
76.5,10.0,40.0,1437.0
78.0,10.0,40.0,1449.0
79.5,10.0,40.0,1457.0
81.0,10.0,40.0,1460.0
82.5,10.0,40.0,1457.0
84.0,10.0,40.0,1460.0
85.5,10.0,40.0,1468.0
87.0,10.0,40.0,1477.0
88.5,10.0,40.0,1480.0
90.0,10.0,40.0,1491.0
91.5,10.0,40.0,1491.0
93.0,10.0,40.0,1502.0
94.5,10.0,40.0,1505.0
96.0,10.0,40.0,1514.0
97.5,10.0,40.0,1517.0
99.0,10.0,40.0,1522.0
100.5,10.0,40.0,1534.0
102.0,10.0,40.0,1542.0
103.5,10.0,40.0,1548.0
105.0,10.0,40.0,1553.0
106.5,10.0,40.0,1559.0
108.0,10.0,40.0,1562.0
109.5,10.0,40.0,1567.0
111.0,10.0,40.0,1573.0
112.5,10.0,40.0,1579.0
114.0,10.0,40.0,1590.0
115.5,10.0,40.0,1596.0
117.0,10.0,40.0,1590.0
118.5,10.0,40.0,1599.0
120.0,10.0,40.0,1607.0
121.5,10.0,40.0,1613.0
123.0,10.0,40.0,1607.0
124.5,10.0,40.0,1604.0
126.0,10.0,40.0,1616.0
127.5,10.0,40.0,1621.0
129.0,10.0,40.0,1630.0
130.5,10.0,40.0,1633.0
132.0,10.0,40.0,1633.0
133.5,10.0,40.0,1635.0
135.0,10.0,40.0,1638.0
136.5,10.0,40.0,1647.0
138.0,10.0,40.0,1652.0
139.5,10.0,40.0,1652.0
141.0,10.0,40.0,1664.0
142.5,10.0,40.0,1664.0
144.0,10.0,40.0,1661.0
145.5,10.0,40.0,1675.0
147.0,10.0,40.0,1672.0
148.5,10.0,40.0,1672.0
150.0,10.0,40.0,1675.0
151.5,10.0,40.0,1678.0
153.0,10.0,40.0,1681.0
154.5,10.0,40.0,1683.0
156.0,10.0,40.0,1686.0
157.5,10.0,40.0,1686.0
159.0,10.0,40.0,1689.0
160.5,10.0,40.0,1689.0
162.0,10.0,40.0,1695.0
163.5,10.0,40.0,1692.0
165.0,10.0,40.0,1700.0
166.5,10.0,40.0,1700.0
168.0,10.0,40.0,1698.0
169.5,10.0,40.0,1698.0
171.0,10.0,40.0,1698.0
172.5,10.0,40.0,1700.0
174.0,10.0,40.0,1700.0
175.5,10.0,40.0,1703.0
177.0,10.0,40.0,1703.0
178.5,10.0,40.0,1703.0
180.0,10.0,40.0,1706.0
0.0,10.0,50.0,990.0
1.5,10.0,50.0,987.0
3.0,10.0,50.0,990.0
4.5,10.0,50.0,993.0
6.0,10.0,50.0,990.0
7.5,10.0,50.0,1007.0
9.0,10.0,50.0,1010.0
10.5,10.0,50.0,1010.0
12.0,10.0,50.0,1010.0
13.5,10.0,50.0,1010.0
15.0,10.0,50.0,1021.0
16.5,10.0,50.0,1030.0
18.0,10.0,50.0,1030.0
19.5,10.0,50.0,1030.0
21.0,10.0,50.0,1030.0
22.5,10.0,50.0,1041.0
24.0,10.0,50.0,1041.0
25.5,10.0,50.0,1036.0
27.0,10.0,50.0,1033.0
28.5,10.0,50.0,1027.0
30.0,10.0,50.0,1030.0
31.5,10.0,50.0,1036.0
33.0,10.0,50.0,1036.0
34.5,10.0,50.0,1041.0
36.0,10.0,50.0,1044.0
37.5,10.0,50.0,1047.0
39.0,10.0,50.0,1053.0
40.5,10.0,50.0,1058.0
42.0,10.0,50.0,1053.0
43.5,10.0,50.0,1070.0
45.0,10.0,50.0,1067.0
46.5,10.0,50.0,1078.0
48.0,10.0,50.0,1072.0
49.5,10.0,50.0,1081.0
51.0,10.0,50.0,1078.0
52.5,10.0,50.0,1084.0
54.0,10.0,50.0,1084.0
55.5,10.0,50.0,1089.0
57.0,10.0,50.0,1098.0
58.5,10.0,50.0,1103.0
60.0,10.0,50.0,1103.0
61.5,10.0,50.0,1103.0
63.0,10.0,50.0,1109.0
64.5,10.0,50.0,1120.0
66.0,10.0,50.0,1129.0
67.5,10.0,50.0,1126.0
69.0,10.0,50.0,1126.0
70.5,10.0,50.0,1137.0
72.0,10.0,50.0,1146.0
73.5,10.0,50.0,1140.0
75.0,10.0,50.0,1149.0
76.5,10.0,50.0,1152.0
78.0,10.0,50.0,1160.0
79.5,10.0,50.0,1166.0
81.0,10.0,50.0,1169.0
82.5,10.0,50.0,1166.0
84.0,10.0,50.0,1183.0
85.5,10.0,50.0,1186.0
87.0,10.0,50.0,1194.0
88.5,10.0,50.0,1197.0
90.0,10.0,50.0,1202.0
91.5,10.0,50.0,1211.0
93.0,10.0,50.0,1208.0
94.5,10.0,50.0,1217.0
96.0,10.0,50.0,1214.0
97.5,10.0,50.0,1222.0
99.0,10.0,50.0,1225.0
100.5,10.0,50.0,1234.0
102.0,10.0,50.0,1236.0
103.5,10.0,50.0,1239.0
105.0,10.0,50.0,1251.0
106.5,10.0,50.0,1256.0
108.0,10.0,50.0,1253.0
109.5,10.0,50.0,1262.0
111.0,10.0,50.0,1268.0
112.5,10.0,50.0,1273.0
114.0,10.0,50.0,1276.0
115.5,10.0,50.0,1285.0
117.0,10.0,50.0,1287.0
118.5,10.0,50.0,1290.0
120.0,10.0,50.0,1287.0
121.5,10.0,50.0,1296.0
123.0,10.0,50.0,1304.0
124.5,10.0,50.0,1310.0
126.0,10.0,50.0,1310.0
127.5,10.0,50.0,1307.0
129.0,10.0,50.0,1318.0
130.5,10.0,50.0,1318.0
132.0,10.0,50.0,1327.0
133.5,10.0,50.0,1327.0
135.0,10.0,50.0,1333.0
136.5,10.0,50.0,1330.0
138.0,10.0,50.0,1338.0
139.5,10.0,50.0,1344.0
141.0,10.0,50.0,1347.0
142.5,10.0,50.0,1344.0
144.0,10.0,50.0,1352.0
145.5,10.0,50.0,1358.0
147.0,10.0,50.0,1355.0
148.5,10.0,50.0,1355.0
150.0,10.0,50.0,1364.0
151.5,10.0,50.0,1358.0
153.0,10.0,50.0,1369.0
154.5,10.0,50.0,1367.0
156.0,10.0,50.0,1369.0
157.5,10.0,50.0,1369.0
159.0,10.0,50.0,1372.0
160.5,10.0,50.0,1378.0
162.0,10.0,50.0,1378.0
163.5,10.0,50.0,1378.0
165.0,10.0,50.0,1386.0
166.5,10.0,50.0,1381.0
168.0,10.0,50.0,1386.0
169.5,10.0,50.0,1384.0
171.0,10.0,50.0,1384.0
172.5,10.0,50.0,1381.0
174.0,10.0,50.0,1378.0
175.5,10.0,50.0,1381.0
177.0,10.0,50.0,1378.0
178.5,10.0,50.0,1381.0
180.0,10.0,50.0,1386.0
0.0,10.0,60.0,846.0
1.5,10.0,60.0,846.0
3.0,10.0,60.0,849.0
4.5,10.0,60.0,846.0
6.0,10.0,60.0,849.0
7.5,10.0,60.0,854.0
9.0,10.0,60.0,860.0
10.5,10.0,60.0,857.0
12.0,10.0,60.0,871.0
13.5,10.0,60.0,880.0
15.0,10.0,60.0,883.0
16.5,10.0,60.0,880.0
18.0,10.0,60.0,874.0
19.5,10.0,60.0,869.0
21.0,10.0,60.0,871.0
22.5,10.0,60.0,869.0
24.0,10.0,60.0,874.0
25.5,10.0,60.0,880.0
27.0,10.0,60.0,877.0
28.5,10.0,60.0,883.0
30.0,10.0,60.0,883.0
31.5,10.0,60.0,883.0
33.0,10.0,60.0,894.0
34.5,10.0,60.0,886.0
36.0,10.0,60.0,891.0
37.5,10.0,60.0,894.0
39.0,10.0,60.0,900.0
40.5,10.0,60.0,905.0
42.0,10.0,60.0,900.0
43.5,10.0,60.0,903.0
45.0,10.0,60.0,911.0
46.5,10.0,60.0,911.0
48.0,10.0,60.0,905.0
49.5,10.0,60.0,905.0
51.0,10.0,60.0,914.0
52.5,10.0,60.0,914.0
54.0,10.0,60.0,914.0
55.5,10.0,60.0,925.0
57.0,10.0,60.0,920.0
58.5,10.0,60.0,925.0
60.0,10.0,60.0,928.0
61.5,10.0,60.0,925.0
63.0,10.0,60.0,931.0
64.5,10.0,60.0,928.0
66.0,10.0,60.0,934.0
67.5,10.0,60.0,937.0
69.0,10.0,60.0,939.0
70.5,10.0,60.0,948.0
72.0,10.0,60.0,948.0
73.5,10.0,60.0,951.0
75.0,10.0,60.0,951.0
76.5,10.0,60.0,956.0
78.0,10.0,60.0,959.0
79.5,10.0,60.0,962.0
81.0,10.0,60.0,965.0
82.5,10.0,60.0,965.0
84.0,10.0,60.0,970.0
85.5,10.0,60.0,970.0
87.0,10.0,60.0,976.0
88.5,10.0,60.0,982.0
90.0,10.0,60.0,982.0
91.5,10.0,60.0,985.0
93.0,10.0,60.0,982.0
94.5,10.0,60.0,990.0
96.0,10.0,60.0,996.0
97.5,10.0,60.0,996.0
99.0,10.0,60.0,996.0
100.5,10.0,60.0,999.0
102.0,10.0,60.0,1002.0
103.5,10.0,60.0,999.0
105.0,10.0,60.0,1013.0
106.5,10.0,60.0,1019.0
108.0,10.0,60.0,1013.0
109.5,10.0,60.0,1019.0
111.0,10.0,60.0,1024.0
112.5,10.0,60.0,1021.0
114.0,10.0,60.0,1027.0
115.5,10.0,60.0,1033.0
117.0,10.0,60.0,1033.0
118.5,10.0,60.0,1033.0
120.0,10.0,60.0,1038.0
121.5,10.0,60.0,1044.0
123.0,10.0,60.0,1044.0
124.5,10.0,60.0,1050.0
126.0,10.0,60.0,1053.0
127.5,10.0,60.0,1053.0
129.0,10.0,60.0,1053.0
130.5,10.0,60.0,1058.0
132.0,10.0,60.0,1067.0
133.5,10.0,60.0,1067.0
135.0,10.0,60.0,1070.0
136.5,10.0,60.0,1075.0
138.0,10.0,60.0,1078.0
139.5,10.0,60.0,1078.0
141.0,10.0,60.0,1078.0
142.5,10.0,60.0,1081.0
144.0,10.0,60.0,1084.0
145.5,10.0,60.0,1084.0
147.0,10.0,60.0,1086.0
148.5,10.0,60.0,1089.0
150.0,10.0,60.0,1092.0
151.5,10.0,60.0,1095.0
153.0,10.0,60.0,1092.0
154.5,10.0,60.0,1098.0
156.0,10.0,60.0,1101.0
157.5,10.0,60.0,1095.0
159.0,10.0,60.0,1098.0
160.5,10.0,60.0,1098.0
162.0,10.0,60.0,1103.0
163.5,10.0,60.0,1101.0
165.0,10.0,60.0,1101.0
166.5,10.0,60.0,1106.0
168.0,10.0,60.0,1106.0
169.5,10.0,60.0,1109.0
171.0,10.0,60.0,1106.0
172.5,10.0,60.0,1098.0
174.0,10.0,60.0,1106.0
175.5,10.0,60.0,1098.0
177.0,10.0,60.0,1106.0
178.5,10.0,60.0,1106.0
180.0,10.0,60.0,1103.0
0.0,10.0,70.0,733.0
1.5,10.0,70.0,730.0
3.0,10.0,70.0,733.0
4.5,10.0,70.0,736.0
6.0,10.0,70.0,736.0
7.5,10.0,70.0,741.0
9.0,10.0,70.0,747.0
10.5,10.0,70.0,741.0
12.0,10.0,70.0,741.0
13.5,10.0,70.0,738.0
15.0,10.0,70.0,741.0
16.5,10.0,70.0,738.0
18.0,10.0,70.0,738.0
19.5,10.0,70.0,738.0
21.0,10.0,70.0,741.0
22.5,10.0,70.0,741.0
24.0,10.0,70.0,741.0
25.5,10.0,70.0,744.0
27.0,10.0,70.0,741.0
28.5,10.0,70.0,744.0
30.0,10.0,70.0,738.0
31.5,10.0,70.0,744.0
33.0,10.0,70.0,741.0
34.5,10.0,70.0,738.0
36.0,10.0,70.0,744.0
37.5,10.0,70.0,744.0
39.0,10.0,70.0,744.0
40.5,10.0,70.0,741.0
42.0,10.0,70.0,738.0
43.5,10.0,70.0,741.0
45.0,10.0,70.0,741.0
46.5,10.0,70.0,747.0
48.0,10.0,70.0,744.0
49.5,10.0,70.0,750.0
51.0,10.0,70.0,744.0
52.5,10.0,70.0,747.0
54.0,10.0,70.0,750.0
55.5,10.0,70.0,755.0
57.0,10.0,70.0,750.0
58.5,10.0,70.0,753.0
60.0,10.0,70.0,750.0
61.5,10.0,70.0,755.0
63.0,10.0,70.0,755.0
64.5,10.0,70.0,758.0
66.0,10.0,70.0,761.0
67.5,10.0,70.0,761.0
69.0,10.0,70.0,755.0
70.5,10.0,70.0,758.0
72.0,10.0,70.0,764.0
73.5,10.0,70.0,761.0
75.0,10.0,70.0,761.0
76.5,10.0,70.0,761.0
78.0,10.0,70.0,764.0
79.5,10.0,70.0,761.0
81.0,10.0,70.0,761.0
82.5,10.0,70.0,764.0
84.0,10.0,70.0,764.0
85.5,10.0,70.0,770.0
87.0,10.0,70.0,764.0
88.5,10.0,70.0,770.0
90.0,10.0,70.0,764.0
91.5,10.0,70.0,767.0
93.0,10.0,70.0,772.0
94.5,10.0,70.0,772.0
96.0,10.0,70.0,770.0
97.5,10.0,70.0,772.0
99.0,10.0,70.0,772.0
100.5,10.0,70.0,775.0
102.0,10.0,70.0,775.0
103.5,10.0,70.0,772.0
105.0,10.0,70.0,781.0
106.5,10.0,70.0,784.0
108.0,10.0,70.0,778.0
109.5,10.0,70.0,787.0
111.0,10.0,70.0,784.0
112.5,10.0,70.0,787.0
114.0,10.0,70.0,792.0
115.5,10.0,70.0,789.0
117.0,10.0,70.0,789.0
118.5,10.0,70.0,789.0
120.0,10.0,70.0,792.0
121.5,10.0,70.0,795.0
123.0,10.0,70.0,801.0
124.5,10.0,70.0,806.0
126.0,10.0,70.0,806.0
127.5,10.0,70.0,806.0
129.0,10.0,70.0,815.0
130.5,10.0,70.0,812.0
132.0,10.0,70.0,815.0
133.5,10.0,70.0,818.0
135.0,10.0,70.0,815.0
136.5,10.0,70.0,818.0
138.0,10.0,70.0,815.0
139.5,10.0,70.0,823.0
141.0,10.0,70.0,823.0
142.5,10.0,70.0,823.0
144.0,10.0,70.0,826.0
145.5,10.0,70.0,826.0
147.0,10.0,70.0,815.0
148.5,10.0,70.0,821.0
150.0,10.0,70.0,821.0
151.5,10.0,70.0,818.0
153.0,10.0,70.0,821.0
154.5,10.0,70.0,832.0
156.0,10.0,70.0,823.0
157.5,10.0,70.0,832.0
159.0,10.0,70.0,829.0
160.5,10.0,70.0,829.0
162.0,10.0,70.0,829.0
163.5,10.0,70.0,832.0
165.0,10.0,70.0,829.0
166.5,10.0,70.0,829.0
168.0,10.0,70.0,829.0
169.5,10.0,70.0,829.0
171.0,10.0,70.0,835.0
172.5,10.0,70.0,835.0
174.0,10.0,70.0,835.0
175.5,10.0,70.0,829.0
177.0,10.0,70.0,832.0
178.5,10.0,70.0,829.0
180.0,10.0,70.0,832.0
0.0,10.0,82.5,453.0
1.5,10.0,82.5,453.0
3.0,10.0,82.5,450.0
4.5,10.0,82.5,444.0
6.0,10.0,82.5,447.0
7.5,10.0,82.5,444.0
9.0,10.0,82.5,441.0
10.5,10.0,82.5,441.0
12.0,10.0,82.5,433.0
13.5,10.0,82.5,433.0
15.0,10.0,82.5,430.0
16.5,10.0,82.5,424.0
18.0,10.0,82.5,419.0
19.5,10.0,82.5,416.0
21.0,10.0,82.5,410.0
22.5,10.0,82.5,413.0
24.0,10.0,82.5,405.0
25.5,10.0,82.5,399.0
27.0,10.0,82.5,396.0
28.5,10.0,82.5,388.0
30.0,10.0,82.5,390.0
31.5,10.0,82.5,385.0
33.0,10.0,82.5,382.0
34.5,10.0,82.5,385.0
36.0,10.0,82.5,376.0
37.5,10.0,82.5,376.0
39.0,10.0,82.5,376.0
40.5,10.0,82.5,371.0
42.0,10.0,82.5,376.0
43.5,10.0,82.5,379.0
45.0,10.0,82.5,376.0
46.5,10.0,82.5,379.0
48.0,10.0,82.5,371.0
49.5,10.0,82.5,373.0
51.0,10.0,82.5,371.0
52.5,10.0,82.5,373.0
54.0,10.0,82.5,371.0
55.5,10.0,82.5,373.0
57.0,10.0,82.5,371.0
58.5,10.0,82.5,368.0
60.0,10.0,82.5,368.0
61.5,10.0,82.5,371.0
63.0,10.0,82.5,368.0
64.5,10.0,82.5,368.0
66.0,10.0,82.5,368.0
67.5,10.0,82.5,368.0
69.0,10.0,82.5,365.0
70.5,10.0,82.5,365.0
72.0,10.0,82.5,357.0
73.5,10.0,82.5,365.0
75.0,10.0,82.5,362.0
76.5,10.0,82.5,362.0
78.0,10.0,82.5,359.0
79.5,10.0,82.5,357.0
81.0,10.0,82.5,351.0
82.5,10.0,82.5,359.0
84.0,10.0,82.5,354.0
85.5,10.0,82.5,362.0
87.0,10.0,82.5,357.0
88.5,10.0,82.5,354.0
90.0,10.0,82.5,354.0
91.5,10.0,82.5,354.0
93.0,10.0,82.5,354.0
94.5,10.0,82.5,354.0
96.0,10.0,82.5,357.0
97.5,10.0,82.5,348.0
99.0,10.0,82.5,357.0
100.5,10.0,82.5,354.0
102.0,10.0,82.5,357.0
103.5,10.0,82.5,357.0
105.0,10.0,82.5,357.0
106.5,10.0,82.5,359.0
108.0,10.0,82.5,362.0
109.5,10.0,82.5,362.0
111.0,10.0,82.5,365.0
112.5,10.0,82.5,371.0
114.0,10.0,82.5,365.0
115.5,10.0,82.5,373.0
117.0,10.0,82.5,371.0
118.5,10.0,82.5,376.0
120.0,10.0,82.5,376.0
121.5,10.0,82.5,382.0
123.0,10.0,82.5,382.0
124.5,10.0,82.5,390.0
126.0,10.0,82.5,390.0
127.5,10.0,82.5,393.0
129.0,10.0,82.5,390.0
130.5,10.0,82.5,390.0
132.0,10.0,82.5,390.0
133.5,10.0,82.5,393.0
135.0,10.0,82.5,402.0
136.5,10.0,82.5,396.0
138.0,10.0,82.5,402.0
139.5,10.0,82.5,399.0
141.0,10.0,82.5,405.0
142.5,10.0,82.5,402.0
144.0,10.0,82.5,402.0
145.5,10.0,82.5,405.0
147.0,10.0,82.5,407.0
148.5,10.0,82.5,410.0
150.0,10.0,82.5,413.0
151.5,10.0,82.5,413.0
153.0,10.0,82.5,410.0
154.5,10.0,82.5,416.0
156.0,10.0,82.5,422.0
157.5,10.0,82.5,424.0
159.0,10.0,82.5,427.0
160.5,10.0,82.5,422.0
162.0,10.0,82.5,430.0
163.5,10.0,82.5,433.0
165.0,10.0,82.5,436.0
166.5,10.0,82.5,433.0
168.0,10.0,82.5,447.0
169.5,10.0,82.5,439.0
171.0,10.0,82.5,444.0
172.5,10.0,82.5,441.0
174.0,10.0,82.5,450.0
175.5,10.0,82.5,450.0
177.0,10.0,82.5,450.0
178.5,10.0,82.5,450.0
180.0,10.0,82.5,458.0
0.0,20.0,10.0,1921.0
1.5,20.0,10.0,1913.0
3.0,20.0,10.0,1924.0
4.5,20.0,10.0,1918.0
6.0,20.0,10.0,1921.0
0.0,20.0,20.0,1559.0
1.5,20.0,20.0,1556.0
3.0,20.0,20.0,1556.0
4.5,20.0,20.0,1559.0
6.0,20.0,20.0,1556.0
7.5,20.0,20.0,1556.0
9.0,20.0,20.0,1559.0
10.5,20.0,20.0,1570.0
12.0,20.0,20.0,1565.0
13.5,20.0,20.0,1562.0
15.0,20.0,20.0,1570.0
16.5,20.0,20.0,1570.0
18.0,20.0,20.0,1593.0
19.5,20.0,20.0,1599.0
21.0,20.0,20.0,1610.0
22.5,20.0,20.0,1607.0
24.0,20.0,20.0,1607.0
25.5,20.0,20.0,1621.0
27.0,20.0,20.0,1621.0
28.5,20.0,20.0,1624.0
30.0,20.0,20.0,1618.0
31.5,20.0,20.0,1627.0
33.0,20.0,20.0,1627.0
34.5,20.0,20.0,1635.0
36.0,20.0,20.0,1633.0
37.5,20.0,20.0,1647.0
39.0,20.0,20.0,1644.0
40.5,20.0,20.0,1647.0
42.0,20.0,20.0,1664.0
43.5,20.0,20.0,1664.0
45.0,20.0,20.0,1672.0
46.5,20.0,20.0,1683.0
48.0,20.0,20.0,1681.0
49.5,20.0,20.0,1689.0
51.0,20.0,20.0,1695.0
52.5,20.0,20.0,1712.0
54.0,20.0,20.0,1712.0
55.5,20.0,20.0,1717.0
57.0,20.0,20.0,1723.0
58.5,20.0,20.0,1734.0
60.0,20.0,20.0,1740.0
61.5,20.0,20.0,1754.0
63.0,20.0,20.0,1757.0
64.5,20.0,20.0,1768.0
66.0,20.0,20.0,1780.0
67.5,20.0,20.0,1788.0
69.0,20.0,20.0,1794.0
70.5,20.0,20.0,1802.0
72.0,20.0,20.0,1811.0
73.5,20.0,20.0,1816.0
75.0,20.0,20.0,1828.0
76.5,20.0,20.0,1833.0
78.0,20.0,20.0,1842.0
79.5,20.0,20.0,1848.0
81.0,20.0,20.0,1865.0
0.0,20.0,30.0,1202.0
1.5,20.0,30.0,1191.0
3.0,20.0,30.0,1191.0
4.5,20.0,30.0,1186.0
6.0,20.0,30.0,1200.0
7.5,20.0,30.0,1197.0
9.0,20.0,30.0,1202.0
10.5,20.0,30.0,1200.0
12.0,20.0,30.0,1205.0
13.5,20.0,30.0,1234.0
15.0,20.0,30.0,1236.0
16.5,20.0,30.0,1231.0
18.0,20.0,30.0,1236.0
19.5,20.0,30.0,1248.0
21.0,20.0,30.0,1242.0
22.5,20.0,30.0,1245.0
24.0,20.0,30.0,1242.0
25.5,20.0,30.0,1251.0
27.0,20.0,30.0,1251.0
28.5,20.0,30.0,1262.0
30.0,20.0,30.0,1259.0
31.5,20.0,30.0,1268.0
33.0,20.0,30.0,1268.0
34.5,20.0,30.0,1276.0
36.0,20.0,30.0,1290.0
37.5,20.0,30.0,1290.0
39.0,20.0,30.0,1307.0
40.5,20.0,30.0,1307.0
42.0,20.0,30.0,1324.0
43.5,20.0,30.0,1327.0
45.0,20.0,30.0,1330.0
46.5,20.0,30.0,1341.0
48.0,20.0,30.0,1352.0
49.5,20.0,30.0,1372.0
51.0,20.0,30.0,1369.0
52.5,20.0,30.0,1378.0
54.0,20.0,30.0,1389.0
55.5,20.0,30.0,1398.0
57.0,20.0,30.0,1406.0
58.5,20.0,30.0,1420.0
60.0,20.0,30.0,1420.0
61.5,20.0,30.0,1437.0
63.0,20.0,30.0,1446.0
64.5,20.0,30.0,1460.0
66.0,20.0,30.0,1468.0
67.5,20.0,30.0,1485.0
69.0,20.0,30.0,1485.0
70.5,20.0,30.0,1502.0
72.0,20.0,30.0,1514.0
73.5,20.0,30.0,1525.0
75.0,20.0,30.0,1525.0
76.5,20.0,30.0,1550.0
78.0,20.0,30.0,1562.0
79.5,20.0,30.0,1565.0
81.0,20.0,30.0,1593.0
82.5,20.0,30.0,1596.0
84.0,20.0,30.0,1599.0
85.5,20.0,30.0,1624.0
87.0,20.0,30.0,1633.0
88.5,20.0,30.0,1638.0
90.0,20.0,30.0,1647.0
91.5,20.0,30.0,1658.0
93.0,20.0,30.0,1669.0
94.5,20.0,30.0,1686.0
96.0,20.0,30.0,1689.0
97.5,20.0,30.0,1709.0
99.0,20.0,30.0,1717.0
100.5,20.0,30.0,1723.0
102.0,20.0,30.0,1737.0
103.5,20.0,30.0,1740.0
105.0,20.0,30.0,1763.0
106.5,20.0,30.0,1774.0
0.0,20.0,40.0,917.0
1.5,20.0,40.0,908.0
3.0,20.0,40.0,908.0
4.5,20.0,40.0,911.0
6.0,20.0,40.0,939.0
7.5,20.0,40.0,942.0
9.0,20.0,40.0,948.0
10.5,20.0,40.0,959.0
12.0,20.0,40.0,962.0
13.5,20.0,40.0,962.0
15.0,20.0,40.0,959.0
16.5,20.0,40.0,959.0
18.0,20.0,40.0,979.0
19.5,20.0,40.0,970.0
21.0,20.0,40.0,970.0
22.5,20.0,40.0,968.0
24.0,20.0,40.0,976.0
25.5,20.0,40.0,973.0
27.0,20.0,40.0,985.0
28.5,20.0,40.0,985.0
30.0,20.0,40.0,1007.0
31.5,20.0,40.0,1010.0
33.0,20.0,40.0,1007.0
34.5,20.0,40.0,1007.0
36.0,20.0,40.0,1016.0
37.5,20.0,40.0,1050.0
39.0,20.0,40.0,1044.0
40.5,20.0,40.0,1047.0
42.0,20.0,40.0,1047.0
43.5,20.0,40.0,1061.0
45.0,20.0,40.0,1078.0
46.5,20.0,40.0,1072.0
48.0,20.0,40.0,1086.0
49.5,20.0,40.0,1095.0
51.0,20.0,40.0,1112.0
52.5,20.0,40.0,1120.0
54.0,20.0,40.0,1118.0
55.5,20.0,40.0,1129.0
57.0,20.0,40.0,1149.0
58.5,20.0,40.0,1146.0
60.0,20.0,40.0,1163.0
61.5,20.0,40.0,1166.0
63.0,20.0,40.0,1186.0
64.5,20.0,40.0,1186.0
66.0,20.0,40.0,1194.0
67.5,20.0,40.0,1208.0
69.0,20.0,40.0,1219.0
70.5,20.0,40.0,1236.0
72.0,20.0,40.0,1242.0
73.5,20.0,40.0,1251.0
75.0,20.0,40.0,1253.0
76.5,20.0,40.0,1273.0
78.0,20.0,40.0,1276.0
79.5,20.0,40.0,1293.0
81.0,20.0,40.0,1296.0
82.5,20.0,40.0,1316.0
84.0,20.0,40.0,1330.0
85.5,20.0,40.0,1338.0
87.0,20.0,40.0,1352.0
88.5,20.0,40.0,1355.0
90.0,20.0,40.0,1375.0
91.5,20.0,40.0,1384.0
93.0,20.0,40.0,1395.0
94.5,20.0,40.0,1415.0
96.0,20.0,40.0,1415.0
97.5,20.0,40.0,1429.0
99.0,20.0,40.0,1440.0
100.5,20.0,40.0,1451.0
102.0,20.0,40.0,1463.0
103.5,20.0,40.0,1477.0
105.0,20.0,40.0,1485.0
106.5,20.0,40.0,1497.0
108.0,20.0,40.0,1511.0
109.5,20.0,40.0,1519.0
111.0,20.0,40.0,1531.0
112.5,20.0,40.0,1539.0
114.0,20.0,40.0,1545.0
115.5,20.0,40.0,1556.0
117.0,20.0,40.0,1562.0
118.5,20.0,40.0,1579.0
120.0,20.0,40.0,1584.0
121.5,20.0,40.0,1590.0
123.0,20.0,40.0,1604.0
124.5,20.0,40.0,1618.0
126.0,20.0,40.0,1627.0
127.5,20.0,40.0,1630.0
129.0,20.0,40.0,1644.0
130.5,20.0,40.0,1650.0
0.0,20.0,50.0,772.0
1.5,20.0,50.0,767.0
3.0,20.0,50.0,767.0
4.5,20.0,50.0,767.0
6.0,20.0,50.0,775.0
7.5,20.0,50.0,778.0
9.0,20.0,50.0,792.0
10.5,20.0,50.0,815.0
12.0,20.0,50.0,821.0
13.5,20.0,50.0,806.0
15.0,20.0,50.0,804.0
16.5,20.0,50.0,806.0
18.0,20.0,50.0,804.0
19.5,20.0,50.0,809.0
21.0,20.0,50.0,809.0
22.5,20.0,50.0,832.0
24.0,20.0,50.0,835.0
25.5,20.0,50.0,835.0
27.0,20.0,50.0,835.0
28.5,20.0,50.0,840.0
30.0,20.0,50.0,843.0
31.5,20.0,50.0,860.0
33.0,20.0,50.0,860.0
34.5,20.0,50.0,863.0
36.0,20.0,50.0,863.0
37.5,20.0,50.0,866.0
39.0,20.0,50.0,886.0
40.5,20.0,50.0,886.0
42.0,20.0,50.0,891.0
43.5,20.0,50.0,900.0
45.0,20.0,50.0,897.0
46.5,20.0,50.0,908.0
48.0,20.0,50.0,922.0
49.5,20.0,50.0,925.0
51.0,20.0,50.0,931.0
52.5,20.0,50.0,928.0
54.0,20.0,50.0,937.0
55.5,20.0,50.0,956.0
57.0,20.0,50.0,956.0
58.5,20.0,50.0,959.0
60.0,20.0,50.0,970.0
61.5,20.0,50.0,985.0
63.0,20.0,50.0,979.0
64.5,20.0,50.0,996.0
66.0,20.0,50.0,1002.0
67.5,20.0,50.0,1002.0
69.0,20.0,50.0,1019.0
70.5,20.0,50.0,1024.0
72.0,20.0,50.0,1027.0
73.5,20.0,50.0,1038.0
75.0,20.0,50.0,1053.0
76.5,20.0,50.0,1058.0
78.0,20.0,50.0,1072.0
79.5,20.0,50.0,1075.0
81.0,20.0,50.0,1075.0
82.5,20.0,50.0,1086.0
84.0,20.0,50.0,1098.0
85.5,20.0,50.0,1103.0
87.0,20.0,50.0,1109.0
88.5,20.0,50.0,1120.0
90.0,20.0,50.0,1135.0
91.5,20.0,50.0,1140.0
93.0,20.0,50.0,1146.0
94.5,20.0,50.0,1157.0
96.0,20.0,50.0,1166.0
97.5,20.0,50.0,1169.0
99.0,20.0,50.0,1186.0
100.5,20.0,50.0,1188.0
102.0,20.0,50.0,1197.0
103.5,20.0,50.0,1202.0
105.0,20.0,50.0,1214.0
106.5,20.0,50.0,1217.0
108.0,20.0,50.0,1228.0
109.5,20.0,50.0,1239.0
111.0,20.0,50.0,1248.0
112.5,20.0,50.0,1259.0
114.0,20.0,50.0,1265.0
115.5,20.0,50.0,1276.0
117.0,20.0,50.0,1282.0
118.5,20.0,50.0,1293.0
120.0,20.0,50.0,1299.0
121.5,20.0,50.0,1307.0
123.0,20.0,50.0,1310.0
124.5,20.0,50.0,1327.0
126.0,20.0,50.0,1333.0
127.5,20.0,50.0,1335.0
129.0,20.0,50.0,1344.0
130.5,20.0,50.0,1350.0
132.0,20.0,50.0,1355.0
133.5,20.0,50.0,1367.0
135.0,20.0,50.0,1369.0
136.5,20.0,50.0,1378.0
138.0,20.0,50.0,1384.0
139.5,20.0,50.0,1395.0
141.0,20.0,50.0,1403.0
142.5,20.0,50.0,1403.0
144.0,20.0,50.0,1412.0
145.5,20.0,50.0,1418.0
147.0,20.0,50.0,1420.0
148.5,20.0,50.0,1420.0
150.0,20.0,50.0,1426.0
151.5,20.0,50.0,1434.0
153.0,20.0,50.0,1437.0
154.5,20.0,50.0,1437.0
156.0,20.0,50.0,1440.0
157.5,20.0,50.0,1449.0
159.0,20.0,50.0,1449.0
160.5,20.0,50.0,1449.0
162.0,20.0,50.0,1454.0
163.5,20.0,50.0,1463.0
165.0,20.0,50.0,1466.0
166.5,20.0,50.0,1468.0
168.0,20.0,50.0,1468.0
169.5,20.0,50.0,1471.0
171.0,20.0,50.0,1474.0
172.5,20.0,50.0,1477.0
174.0,20.0,50.0,1480.0
175.5,20.0,50.0,1480.0
177.0,20.0,50.0,1477.0
178.5,20.0,50.0,1480.0
180.0,20.0,50.0,1480.0
0.0,20.0,60.0,682.0
1.5,20.0,60.0,685.0
3.0,20.0,60.0,690.0
4.5,20.0,60.0,690.0
6.0,20.0,60.0,713.0
7.5,20.0,60.0,719.0
9.0,20.0,60.0,716.0
10.5,20.0,60.0,719.0
12.0,20.0,60.0,724.0
13.5,20.0,60.0,719.0
15.0,20.0,60.0,724.0
16.5,20.0,60.0,736.0
18.0,20.0,60.0,736.0
19.5,20.0,60.0,738.0
21.0,20.0,60.0,736.0
22.5,20.0,60.0,747.0
24.0,20.0,60.0,753.0
25.5,20.0,60.0,758.0
27.0,20.0,60.0,764.0
28.5,20.0,60.0,764.0
30.0,20.0,60.0,767.0
31.5,20.0,60.0,770.0
33.0,20.0,60.0,781.0
34.5,20.0,60.0,778.0
36.0,20.0,60.0,784.0
37.5,20.0,60.0,781.0
39.0,20.0,60.0,789.0
40.5,20.0,60.0,801.0
42.0,20.0,60.0,798.0
43.5,20.0,60.0,804.0
45.0,20.0,60.0,812.0
46.5,20.0,60.0,818.0
48.0,20.0,60.0,818.0
49.5,20.0,60.0,818.0
51.0,20.0,60.0,832.0
52.5,20.0,60.0,829.0
54.0,20.0,60.0,835.0
55.5,20.0,60.0,840.0
57.0,20.0,60.0,840.0
58.5,20.0,60.0,852.0
60.0,20.0,60.0,857.0
61.5,20.0,60.0,863.0
63.0,20.0,60.0,860.0
64.5,20.0,60.0,863.0
66.0,20.0,60.0,869.0
67.5,20.0,60.0,871.0
69.0,20.0,60.0,877.0
70.5,20.0,60.0,886.0
72.0,20.0,60.0,883.0
73.5,20.0,60.0,891.0
75.0,20.0,60.0,888.0
76.5,20.0,60.0,900.0
78.0,20.0,60.0,900.0
79.5,20.0,60.0,905.0
81.0,20.0,60.0,914.0
82.5,20.0,60.0,917.0
84.0,20.0,60.0,925.0
85.5,20.0,60.0,920.0
87.0,20.0,60.0,928.0
88.5,20.0,60.0,937.0
90.0,20.0,60.0,945.0
91.5,20.0,60.0,945.0
93.0,20.0,60.0,951.0
94.5,20.0,60.0,959.0
96.0,20.0,60.0,968.0
97.5,20.0,60.0,965.0
99.0,20.0,60.0,965.0
100.5,20.0,60.0,973.0
102.0,20.0,60.0,985.0
103.5,20.0,60.0,982.0
105.0,20.0,60.0,990.0
106.5,20.0,60.0,993.0
108.0,20.0,60.0,999.0
109.5,20.0,60.0,1004.0
111.0,20.0,60.0,1010.0
112.5,20.0,60.0,1013.0
114.0,20.0,60.0,1019.0
115.5,20.0,60.0,1036.0
117.0,20.0,60.0,1036.0
118.5,20.0,60.0,1044.0
120.0,20.0,60.0,1047.0
121.5,20.0,60.0,1053.0
123.0,20.0,60.0,1067.0
124.5,20.0,60.0,1067.0
126.0,20.0,60.0,1075.0
127.5,20.0,60.0,1072.0
129.0,20.0,60.0,1081.0
130.5,20.0,60.0,1081.0
132.0,20.0,60.0,1086.0
133.5,20.0,60.0,1089.0
135.0,20.0,60.0,1095.0
136.5,20.0,60.0,1101.0
138.0,20.0,60.0,1106.0
139.5,20.0,60.0,1109.0
141.0,20.0,60.0,1118.0
142.5,20.0,60.0,1120.0
144.0,20.0,60.0,1118.0
145.5,20.0,60.0,1126.0
147.0,20.0,60.0,1132.0
148.5,20.0,60.0,1132.0
150.0,20.0,60.0,1135.0
151.5,20.0,60.0,1140.0
153.0,20.0,60.0,1143.0
154.5,20.0,60.0,1143.0
156.0,20.0,60.0,1154.0
157.5,20.0,60.0,1157.0
159.0,20.0,60.0,1152.0
160.5,20.0,60.0,1157.0
162.0,20.0,60.0,1160.0
163.5,20.0,60.0,1163.0
165.0,20.0,60.0,1166.0
166.5,20.0,60.0,1160.0
168.0,20.0,60.0,1171.0
169.5,20.0,60.0,1174.0
171.0,20.0,60.0,1171.0
172.5,20.0,60.0,1171.0
174.0,20.0,60.0,1177.0
175.5,20.0,60.0,1183.0
177.0,20.0,60.0,1177.0
178.5,20.0,60.0,1171.0
180.0,20.0,60.0,1177.0
0.0,20.0,70.0,662.0
1.5,20.0,70.0,665.0
3.0,20.0,70.0,665.0
4.5,20.0,70.0,673.0
6.0,20.0,70.0,679.0
7.5,20.0,70.0,676.0
9.0,20.0,70.0,676.0
10.5,20.0,70.0,676.0
12.0,20.0,70.0,682.0
13.5,20.0,70.0,679.0
15.0,20.0,70.0,682.0
16.5,20.0,70.0,690.0
18.0,20.0,70.0,693.0
19.5,20.0,70.0,690.0
21.0,20.0,70.0,690.0
22.5,20.0,70.0,693.0
24.0,20.0,70.0,690.0
25.5,20.0,70.0,699.0
27.0,20.0,70.0,702.0
28.5,20.0,70.0,696.0
30.0,20.0,70.0,705.0
31.5,20.0,70.0,710.0
33.0,20.0,70.0,707.0
34.5,20.0,70.0,705.0
36.0,20.0,70.0,710.0
37.5,20.0,70.0,710.0
39.0,20.0,70.0,707.0
40.5,20.0,70.0,710.0
42.0,20.0,70.0,719.0
43.5,20.0,70.0,713.0
45.0,20.0,70.0,710.0
46.5,20.0,70.0,710.0
48.0,20.0,70.0,716.0
49.5,20.0,70.0,719.0
51.0,20.0,70.0,716.0
52.5,20.0,70.0,721.0
54.0,20.0,70.0,727.0
55.5,20.0,70.0,727.0
57.0,20.0,70.0,727.0
58.5,20.0,70.0,730.0
60.0,20.0,70.0,724.0
61.5,20.0,70.0,733.0
63.0,20.0,70.0,730.0
64.5,20.0,70.0,730.0
66.0,20.0,70.0,730.0
67.5,20.0,70.0,730.0
69.0,20.0,70.0,736.0
70.5,20.0,70.0,736.0
72.0,20.0,70.0,736.0
73.5,20.0,70.0,733.0
75.0,20.0,70.0,733.0
76.5,20.0,70.0,736.0
78.0,20.0,70.0,738.0
79.5,20.0,70.0,744.0
81.0,20.0,70.0,744.0
82.5,20.0,70.0,747.0
84.0,20.0,70.0,736.0
85.5,20.0,70.0,747.0
87.0,20.0,70.0,744.0
88.5,20.0,70.0,750.0
90.0,20.0,70.0,753.0
91.5,20.0,70.0,750.0
93.0,20.0,70.0,755.0
94.5,20.0,70.0,755.0
96.0,20.0,70.0,758.0
97.5,20.0,70.0,758.0
99.0,20.0,70.0,758.0
100.5,20.0,70.0,764.0
102.0,20.0,70.0,761.0
103.5,20.0,70.0,758.0
105.0,20.0,70.0,764.0
106.5,20.0,70.0,767.0
108.0,20.0,70.0,767.0
109.5,20.0,70.0,767.0
111.0,20.0,70.0,772.0
112.5,20.0,70.0,778.0
114.0,20.0,70.0,781.0
115.5,20.0,70.0,784.0
117.0,20.0,70.0,787.0
118.5,20.0,70.0,795.0
120.0,20.0,70.0,795.0
121.5,20.0,70.0,795.0
123.0,20.0,70.0,804.0
124.5,20.0,70.0,801.0
126.0,20.0,70.0,801.0
127.5,20.0,70.0,806.0
129.0,20.0,70.0,804.0
130.5,20.0,70.0,812.0
132.0,20.0,70.0,812.0
133.5,20.0,70.0,815.0
135.0,20.0,70.0,809.0
136.5,20.0,70.0,818.0
138.0,20.0,70.0,821.0
139.5,20.0,70.0,818.0
141.0,20.0,70.0,818.0
142.5,20.0,70.0,821.0
144.0,20.0,70.0,823.0
145.5,20.0,70.0,823.0
147.0,20.0,70.0,826.0
148.5,20.0,70.0,823.0
150.0,20.0,70.0,829.0
151.5,20.0,70.0,829.0
153.0,20.0,70.0,837.0
154.5,20.0,70.0,840.0
156.0,20.0,70.0,840.0
157.5,20.0,70.0,846.0
159.0,20.0,70.0,846.0
160.5,20.0,70.0,843.0
162.0,20.0,70.0,854.0
163.5,20.0,70.0,849.0
165.0,20.0,70.0,857.0
166.5,20.0,70.0,852.0
168.0,20.0,70.0,857.0
169.5,20.0,70.0,854.0
171.0,20.0,70.0,857.0
172.5,20.0,70.0,863.0
174.0,20.0,70.0,860.0
175.5,20.0,70.0,866.0
177.0,20.0,70.0,863.0
178.5,20.0,70.0,860.0
180.0,20.0,70.0,863.0
0.0,20.0,82.5,453.0
1.5,20.0,82.5,453.0
3.0,20.0,82.5,447.0
4.5,20.0,82.5,447.0
6.0,20.0,82.5,439.0
7.5,20.0,82.5,439.0
9.0,20.0,82.5,427.0
10.5,20.0,82.5,422.0
12.0,20.0,82.5,410.0
13.5,20.0,82.5,396.0
15.0,20.0,82.5,393.0
16.5,20.0,82.5,396.0
18.0,20.0,82.5,382.0
19.5,20.0,82.5,379.0
21.0,20.0,82.5,385.0
22.5,20.0,82.5,376.0
24.0,20.0,82.5,382.0
25.5,20.0,82.5,376.0
27.0,20.0,82.5,379.0
28.5,20.0,82.5,371.0
30.0,20.0,82.5,368.0
31.5,20.0,82.5,359.0
33.0,20.0,82.5,368.0
34.5,20.0,82.5,359.0
36.0,20.0,82.5,354.0
37.5,20.0,82.5,362.0
39.0,20.0,82.5,365.0
40.5,20.0,82.5,362.0
42.0,20.0,82.5,362.0
43.5,20.0,82.5,357.0
45.0,20.0,82.5,359.0
46.5,20.0,82.5,357.0
48.0,20.0,82.5,357.0
49.5,20.0,82.5,359.0
51.0,20.0,82.5,357.0
52.5,20.0,82.5,354.0
54.0,20.0,82.5,348.0
55.5,20.0,82.5,354.0
57.0,20.0,82.5,357.0
58.5,20.0,82.5,357.0
60.0,20.0,82.5,354.0
61.5,20.0,82.5,354.0
63.0,20.0,82.5,354.0
64.5,20.0,82.5,357.0
66.0,20.0,82.5,357.0
67.5,20.0,82.5,351.0
69.0,20.0,82.5,348.0
70.5,20.0,82.5,357.0
72.0,20.0,82.5,351.0
73.5,20.0,82.5,351.0
75.0,20.0,82.5,342.0
76.5,20.0,82.5,342.0
78.0,20.0,82.5,345.0
79.5,20.0,82.5,348.0
81.0,20.0,82.5,351.0
82.5,20.0,82.5,351.0
84.0,20.0,82.5,351.0
85.5,20.0,82.5,345.0
87.0,20.0,82.5,345.0
88.5,20.0,82.5,345.0
90.0,20.0,82.5,348.0
91.5,20.0,82.5,342.0
93.0,20.0,82.5,345.0
94.5,20.0,82.5,351.0
96.0,20.0,82.5,348.0
97.5,20.0,82.5,345.0
99.0,20.0,82.5,348.0
100.5,20.0,82.5,348.0
102.0,20.0,82.5,348.0
103.5,20.0,82.5,348.0
105.0,20.0,82.5,348.0
106.5,20.0,82.5,351.0
108.0,20.0,82.5,354.0
109.5,20.0,82.5,354.0
111.0,20.0,82.5,357.0
112.5,20.0,82.5,359.0
114.0,20.0,82.5,357.0
115.5,20.0,82.5,359.0
117.0,20.0,82.5,362.0
118.5,20.0,82.5,362.0
120.0,20.0,82.5,365.0
121.5,20.0,82.5,368.0
123.0,20.0,82.5,362.0
124.5,20.0,82.5,365.0
126.0,20.0,82.5,362.0
127.5,20.0,82.5,371.0
129.0,20.0,82.5,362.0
130.5,20.0,82.5,365.0
132.0,20.0,82.5,368.0
133.5,20.0,82.5,365.0
135.0,20.0,82.5,365.0
136.5,20.0,82.5,368.0
138.0,20.0,82.5,365.0
139.5,20.0,82.5,368.0
141.0,20.0,82.5,371.0
142.5,20.0,82.5,371.0
144.0,20.0,82.5,373.0
145.5,20.0,82.5,373.0
147.0,20.0,82.5,376.0
148.5,20.0,82.5,368.0
150.0,20.0,82.5,373.0
151.5,20.0,82.5,376.0
153.0,20.0,82.5,379.0
154.5,20.0,82.5,379.0
156.0,20.0,82.5,385.0
157.5,20.0,82.5,382.0
159.0,20.0,82.5,388.0
160.5,20.0,82.5,393.0
162.0,20.0,82.5,399.0
163.5,20.0,82.5,402.0
165.0,20.0,82.5,407.0
166.5,20.0,82.5,410.0
168.0,20.0,82.5,416.0
169.5,20.0,82.5,424.0
171.0,20.0,82.5,427.0
172.5,20.0,82.5,430.0
174.0,20.0,82.5,436.0
175.5,20.0,82.5,444.0
177.0,20.0,82.5,444.0
178.5,20.0,82.5,450.0
180.0,20.0,82.5,456.0
0.0,30.0,0.0,1814.0
0.0,30.0,10.0,1449.0
1.5,30.0,10.0,1446.0
3.0,30.0,10.0,1437.0
4.5,30.0,10.0,1432.0
6.0,30.0,10.0,1437.0
7.5,30.0,10.0,1432.0
9.0,30.0,10.0,1434.0
10.5,30.0,10.0,1432.0
12.0,30.0,10.0,1449.0
13.5,30.0,10.0,1443.0
15.0,30.0,10.0,1449.0
16.5,30.0,10.0,1443.0
18.0,30.0,10.0,1449.0
19.5,30.0,10.0,1446.0
21.0,30.0,10.0,1460.0
22.5,30.0,10.0,1471.0
24.0,30.0,10.0,1480.0
25.5,30.0,10.0,1483.0
27.0,30.0,10.0,1497.0
28.5,30.0,10.0,1494.0
30.0,30.0,10.0,1511.0
31.5,30.0,10.0,1511.0
33.0,30.0,10.0,1514.0
34.5,30.0,10.0,1519.0
36.0,30.0,10.0,1514.0
37.5,30.0,10.0,1534.0
39.0,30.0,10.0,1531.0
40.5,30.0,10.0,1542.0
42.0,30.0,10.0,1542.0
43.5,30.0,10.0,1548.0
45.0,30.0,10.0,1542.0
46.5,30.0,10.0,1550.0
48.0,30.0,10.0,1550.0
49.5,30.0,10.0,1565.0
51.0,30.0,10.0,1559.0
52.5,30.0,10.0,1573.0
54.0,30.0,10.0,1565.0
55.5,30.0,10.0,1582.0
57.0,30.0,10.0,1593.0
58.5,30.0,10.0,1587.0
60.0,30.0,10.0,1604.0
61.5,30.0,10.0,1604.0
63.0,30.0,10.0,1610.0
64.5,30.0,10.0,1621.0
66.0,30.0,10.0,1621.0
67.5,30.0,10.0,1630.0
69.0,30.0,10.0,1647.0
70.5,30.0,10.0,1652.0
72.0,30.0,10.0,1650.0
73.5,30.0,10.0,1667.0
75.0,30.0,10.0,1669.0
76.5,30.0,10.0,1681.0
78.0,30.0,10.0,1683.0
79.5,30.0,10.0,1692.0
81.0,30.0,10.0,1706.0
82.5,30.0,10.0,1706.0
84.0,30.0,10.0,1720.0
85.5,30.0,10.0,1732.0
87.0,30.0,10.0,1732.0
88.5,30.0,10.0,1734.0
90.0,30.0,10.0,1743.0
91.5,30.0,10.0,1760.0
93.0,30.0,10.0,1768.0
94.5,30.0,10.0,1777.0
96.0,30.0,10.0,1774.0
97.5,30.0,10.0,1780.0
99.0,30.0,10.0,1794.0
0.0,30.0,20.0,1064.0
1.5,30.0,20.0,1058.0
3.0,30.0,20.0,1055.0
4.5,30.0,20.0,1055.0
6.0,30.0,20.0,1070.0
7.5,30.0,20.0,1070.0
9.0,30.0,20.0,1072.0
10.5,30.0,20.0,1070.0
12.0,30.0,20.0,1072.0
13.5,30.0,20.0,1092.0
15.0,30.0,20.0,1112.0
16.5,30.0,20.0,1112.0
18.0,30.0,20.0,1112.0
19.5,30.0,20.0,1123.0
21.0,30.0,20.0,1126.0
22.5,30.0,20.0,1137.0
24.0,30.0,20.0,1132.0
25.5,30.0,20.0,1135.0
27.0,30.0,20.0,1132.0
28.5,30.0,20.0,1146.0
30.0,30.0,20.0,1143.0
31.5,30.0,20.0,1152.0
33.0,30.0,20.0,1146.0
34.5,30.0,20.0,1169.0
36.0,30.0,20.0,1171.0
37.5,30.0,20.0,1174.0
39.0,30.0,20.0,1180.0
40.5,30.0,20.0,1191.0
42.0,30.0,20.0,1214.0
43.5,30.0,20.0,1205.0
45.0,30.0,20.0,1217.0
46.5,30.0,20.0,1231.0
48.0,30.0,20.0,1245.0
49.5,30.0,20.0,1253.0
51.0,30.0,20.0,1265.0
52.5,30.0,20.0,1273.0
54.0,30.0,20.0,1293.0
55.5,30.0,20.0,1299.0
57.0,30.0,20.0,1307.0
58.5,30.0,20.0,1324.0
60.0,30.0,20.0,1327.0
61.5,30.0,20.0,1344.0
63.0,30.0,20.0,1352.0
64.5,30.0,20.0,1367.0
66.0,30.0,20.0,1381.0
67.5,30.0,20.0,1398.0
69.0,30.0,20.0,1401.0
70.5,30.0,20.0,1409.0
72.0,30.0,20.0,1426.0
73.5,30.0,20.0,1446.0
75.0,30.0,20.0,1454.0
76.5,30.0,20.0,1480.0
78.0,30.0,20.0,1488.0
79.5,30.0,20.0,1497.0
81.0,30.0,20.0,1519.0
82.5,30.0,20.0,1525.0
84.0,30.0,20.0,1534.0
85.5,30.0,20.0,1556.0
87.0,30.0,20.0,1565.0
88.5,30.0,20.0,1587.0
90.0,30.0,20.0,1590.0
91.5,30.0,20.0,1613.0
93.0,30.0,20.0,1618.0
94.5,30.0,20.0,1638.0
96.0,30.0,20.0,1647.0
97.5,30.0,20.0,1672.0
99.0,30.0,20.0,1683.0
100.5,30.0,20.0,1686.0
102.0,30.0,20.0,1715.0
103.5,30.0,20.0,1712.0
105.0,30.0,20.0,1732.0
106.5,30.0,20.0,1746.0
0.0,30.0,30.0,772.0
1.5,30.0,30.0,767.0
3.0,30.0,30.0,770.0
4.5,30.0,30.0,789.0
6.0,30.0,30.0,792.0
7.5,30.0,30.0,795.0
9.0,30.0,30.0,804.0
10.5,30.0,30.0,818.0
12.0,30.0,30.0,843.0
13.5,30.0,30.0,835.0
15.0,30.0,30.0,835.0
16.5,30.0,30.0,837.0
18.0,30.0,30.0,826.0
19.5,30.0,30.0,835.0
21.0,30.0,30.0,832.0
22.5,30.0,30.0,852.0
24.0,30.0,30.0,857.0
25.5,30.0,30.0,846.0
27.0,30.0,30.0,849.0
28.5,30.0,30.0,880.0
30.0,30.0,30.0,877.0
31.5,30.0,30.0,891.0
33.0,30.0,30.0,920.0
34.5,30.0,30.0,908.0
36.0,30.0,30.0,905.0
37.5,30.0,30.0,939.0
39.0,30.0,30.0,931.0
40.5,30.0,30.0,951.0
42.0,30.0,30.0,948.0
43.5,30.0,30.0,959.0
45.0,30.0,30.0,965.0
46.5,30.0,30.0,973.0
48.0,30.0,30.0,996.0
49.5,30.0,30.0,1002.0
51.0,30.0,30.0,1019.0
52.5,30.0,30.0,1030.0
54.0,30.0,30.0,1036.0
55.5,30.0,30.0,1050.0
57.0,30.0,30.0,1064.0
58.5,30.0,30.0,1084.0
60.0,30.0,30.0,1089.0
61.5,30.0,30.0,1098.0
63.0,30.0,30.0,1118.0
64.5,30.0,30.0,1132.0
66.0,30.0,30.0,1152.0
67.5,30.0,30.0,1152.0
69.0,30.0,30.0,1180.0
70.5,30.0,30.0,1186.0
72.0,30.0,30.0,1200.0
73.5,30.0,30.0,1228.0
75.0,30.0,30.0,1222.0
76.5,30.0,30.0,1248.0
78.0,30.0,30.0,1259.0
79.5,30.0,30.0,1296.0
81.0,30.0,30.0,1287.0
82.5,30.0,30.0,1304.0
84.0,30.0,30.0,1333.0
85.5,30.0,30.0,1355.0
87.0,30.0,30.0,1361.0
88.5,30.0,30.0,1372.0
90.0,30.0,30.0,1392.0
91.5,30.0,30.0,1409.0
93.0,30.0,30.0,1437.0
94.5,30.0,30.0,1440.0
96.0,30.0,30.0,1463.0
97.5,30.0,30.0,1477.0
99.0,30.0,30.0,1500.0
100.5,30.0,30.0,1517.0
102.0,30.0,30.0,1528.0
103.5,30.0,30.0,1542.0
105.0,30.0,30.0,1573.0
106.5,30.0,30.0,1584.0
108.0,30.0,30.0,1601.0
109.5,30.0,30.0,1616.0
111.0,30.0,30.0,1624.0
112.5,30.0,30.0,1644.0
114.0,30.0,30.0,1664.0
115.5,30.0,30.0,1678.0
117.0,30.0,30.0,1692.0
0.0,30.0,40.0,628.0
1.5,30.0,40.0,617.0
3.0,30.0,40.0,620.0
4.5,30.0,40.0,620.0
6.0,30.0,40.0,622.0
7.5,30.0,40.0,628.0
9.0,30.0,40.0,648.0
10.5,30.0,40.0,654.0
12.0,30.0,40.0,651.0
13.5,30.0,40.0,634.0
15.0,30.0,40.0,639.0
16.5,30.0,40.0,639.0
18.0,30.0,40.0,668.0
19.5,30.0,40.0,668.0
21.0,30.0,40.0,673.0
22.5,30.0,40.0,682.0
24.0,30.0,40.0,679.0
25.5,30.0,40.0,685.0
27.0,30.0,40.0,699.0
28.5,30.0,40.0,702.0
30.0,30.0,40.0,707.0
31.5,30.0,40.0,727.0
33.0,30.0,40.0,721.0
34.5,30.0,40.0,736.0
36.0,30.0,40.0,736.0
37.5,30.0,40.0,758.0
39.0,30.0,40.0,753.0
40.5,30.0,40.0,775.0
42.0,30.0,40.0,775.0
43.5,30.0,40.0,781.0
45.0,30.0,40.0,804.0
46.5,30.0,40.0,804.0
48.0,30.0,40.0,809.0
49.5,30.0,40.0,815.0
51.0,30.0,40.0,840.0
52.5,30.0,40.0,840.0
54.0,30.0,40.0,871.0
55.5,30.0,40.0,869.0
57.0,30.0,40.0,874.0
58.5,30.0,40.0,897.0
60.0,30.0,40.0,905.0
61.5,30.0,40.0,914.0
63.0,30.0,40.0,914.0
64.5,30.0,40.0,953.0
66.0,30.0,40.0,970.0
67.5,30.0,40.0,973.0
69.0,30.0,40.0,979.0
70.5,30.0,40.0,987.0
72.0,30.0,40.0,999.0
73.5,30.0,40.0,1013.0
75.0,30.0,40.0,1027.0
76.5,30.0,40.0,1047.0
78.0,30.0,40.0,1064.0
79.5,30.0,40.0,1072.0
81.0,30.0,40.0,1095.0
82.5,30.0,40.0,1101.0
84.0,30.0,40.0,1115.0
85.5,30.0,40.0,1129.0
87.0,30.0,40.0,1149.0
88.5,30.0,40.0,1163.0
90.0,30.0,40.0,1183.0
91.5,30.0,40.0,1200.0
93.0,30.0,40.0,1208.0
94.5,30.0,40.0,1217.0
96.0,30.0,40.0,1236.0
97.5,30.0,40.0,1262.0
99.0,30.0,40.0,1273.0
100.5,30.0,40.0,1287.0
102.0,30.0,40.0,1304.0
103.5,30.0,40.0,1321.0
105.0,30.0,40.0,1338.0
106.5,30.0,40.0,1361.0
108.0,30.0,40.0,1375.0
109.5,30.0,40.0,1386.0
111.0,30.0,40.0,1401.0
112.5,30.0,40.0,1420.0
114.0,30.0,40.0,1434.0
115.5,30.0,40.0,1454.0
117.0,30.0,40.0,1471.0
118.5,30.0,40.0,1488.0
120.0,30.0,40.0,1502.0
121.5,30.0,40.0,1514.0
123.0,30.0,40.0,1534.0
124.5,30.0,40.0,1534.0
126.0,30.0,40.0,1553.0
127.5,30.0,40.0,1565.0
129.0,30.0,40.0,1579.0
0.0,30.0,50.0,549.0
1.5,30.0,50.0,543.0
3.0,30.0,50.0,555.0
4.5,30.0,50.0,552.0
6.0,30.0,50.0,580.0
7.5,30.0,50.0,580.0
9.0,30.0,50.0,583.0
10.5,30.0,50.0,569.0
12.0,30.0,50.0,569.0
13.5,30.0,50.0,589.0
15.0,30.0,50.0,586.0
16.5,30.0,50.0,594.0
18.0,30.0,50.0,603.0
19.5,30.0,50.0,597.0
21.0,30.0,50.0,605.0
22.5,30.0,50.0,614.0
24.0,30.0,50.0,631.0
25.5,30.0,50.0,631.0
27.0,30.0,50.0,634.0
28.5,30.0,50.0,648.0
30.0,30.0,50.0,665.0
31.5,30.0,50.0,659.0
33.0,30.0,50.0,665.0
34.5,30.0,50.0,665.0
36.0,30.0,50.0,682.0
37.5,30.0,50.0,690.0
39.0,30.0,50.0,696.0
40.5,30.0,50.0,696.0
42.0,30.0,50.0,690.0
43.5,30.0,50.0,716.0
45.0,30.0,50.0,713.0
46.5,30.0,50.0,719.0
48.0,30.0,50.0,736.0
49.5,30.0,50.0,741.0
51.0,30.0,50.0,755.0
52.5,30.0,50.0,764.0
54.0,30.0,50.0,767.0
55.5,30.0,50.0,770.0
57.0,30.0,50.0,787.0
58.5,30.0,50.0,789.0
60.0,30.0,50.0,806.0
61.5,30.0,50.0,804.0
63.0,30.0,50.0,815.0
64.5,30.0,50.0,818.0
66.0,30.0,50.0,840.0
67.5,30.0,50.0,840.0
69.0,30.0,50.0,852.0
70.5,30.0,50.0,860.0
72.0,30.0,50.0,877.0
73.5,30.0,50.0,877.0
75.0,30.0,50.0,886.0
76.5,30.0,50.0,900.0
78.0,30.0,50.0,908.0
79.5,30.0,50.0,925.0
81.0,30.0,50.0,934.0
82.5,30.0,50.0,937.0
84.0,30.0,50.0,956.0
85.5,30.0,50.0,968.0
87.0,30.0,50.0,985.0
88.5,30.0,50.0,993.0
90.0,30.0,50.0,1002.0
91.5,30.0,50.0,1021.0
93.0,30.0,50.0,1021.0
94.5,30.0,50.0,1038.0
96.0,30.0,50.0,1055.0
97.5,30.0,50.0,1055.0
99.0,30.0,50.0,1078.0
100.5,30.0,50.0,1086.0
102.0,30.0,50.0,1101.0
103.5,30.0,50.0,1112.0
105.0,30.0,50.0,1123.0
106.5,30.0,50.0,1135.0
108.0,30.0,50.0,1154.0
109.5,30.0,50.0,1160.0
111.0,30.0,50.0,1169.0
112.5,30.0,50.0,1186.0
114.0,30.0,50.0,1200.0
115.5,30.0,50.0,1211.0
117.0,30.0,50.0,1225.0
118.5,30.0,50.0,1236.0
120.0,30.0,50.0,1248.0
121.5,30.0,50.0,1262.0
123.0,30.0,50.0,1273.0
124.5,30.0,50.0,1287.0
126.0,30.0,50.0,1293.0
127.5,30.0,50.0,1310.0
129.0,30.0,50.0,1318.0
130.5,30.0,50.0,1330.0
132.0,30.0,50.0,1341.0
133.5,30.0,50.0,1350.0
135.0,30.0,50.0,1361.0
136.5,30.0,50.0,1372.0
138.0,30.0,50.0,1381.0
139.5,30.0,50.0,1392.0
141.0,30.0,50.0,1392.0
142.5,30.0,50.0,1409.0
0.0,30.0,60.0,543.0
1.5,30.0,60.0,543.0
3.0,30.0,60.0,555.0
4.5,30.0,60.0,572.0
6.0,30.0,60.0,577.0
7.5,30.0,60.0,572.0
9.0,30.0,60.0,574.0
10.5,30.0,60.0,589.0
12.0,30.0,60.0,589.0
13.5,30.0,60.0,594.0
15.0,30.0,60.0,608.0
16.5,30.0,60.0,611.0
18.0,30.0,60.0,622.0
19.5,30.0,60.0,631.0
21.0,30.0,60.0,631.0
22.5,30.0,60.0,634.0
24.0,30.0,60.0,639.0
25.5,30.0,60.0,645.0
27.0,30.0,60.0,651.0
28.5,30.0,60.0,651.0
30.0,30.0,60.0,662.0
31.5,30.0,60.0,671.0
33.0,30.0,60.0,671.0
34.5,30.0,60.0,679.0
36.0,30.0,60.0,688.0
37.5,30.0,60.0,696.0
39.0,30.0,60.0,690.0
40.5,30.0,60.0,707.0
42.0,30.0,60.0,702.0
43.5,30.0,60.0,713.0
45.0,30.0,60.0,727.0
46.5,30.0,60.0,716.0
48.0,30.0,60.0,727.0
49.5,30.0,60.0,721.0
51.0,30.0,60.0,733.0
52.5,30.0,60.0,747.0
54.0,30.0,60.0,747.0
55.5,30.0,60.0,761.0
57.0,30.0,60.0,753.0
58.5,30.0,60.0,764.0
60.0,30.0,60.0,764.0
61.5,30.0,60.0,772.0
63.0,30.0,60.0,772.0
64.5,30.0,60.0,778.0
66.0,30.0,60.0,787.0
67.5,30.0,60.0,792.0
69.0,30.0,60.0,781.0
70.5,30.0,60.0,798.0
72.0,30.0,60.0,798.0
73.5,30.0,60.0,809.0
75.0,30.0,60.0,815.0
76.5,30.0,60.0,826.0
78.0,30.0,60.0,832.0
79.5,30.0,60.0,832.0
81.0,30.0,60.0,846.0
82.5,30.0,60.0,846.0
84.0,30.0,60.0,846.0
85.5,30.0,60.0,849.0
87.0,30.0,60.0,866.0
88.5,30.0,60.0,877.0
90.0,30.0,60.0,877.0
91.5,30.0,60.0,883.0
93.0,30.0,60.0,888.0
94.5,30.0,60.0,894.0
96.0,30.0,60.0,903.0
97.5,30.0,60.0,908.0
99.0,30.0,60.0,920.0
100.5,30.0,60.0,928.0
102.0,30.0,60.0,934.0
103.5,30.0,60.0,937.0
105.0,30.0,60.0,951.0
106.5,30.0,60.0,956.0
108.0,30.0,60.0,959.0
109.5,30.0,60.0,968.0
111.0,30.0,60.0,979.0
112.5,30.0,60.0,982.0
114.0,30.0,60.0,990.0
115.5,30.0,60.0,996.0
117.0,30.0,60.0,1002.0
118.5,30.0,60.0,1013.0
120.0,30.0,60.0,1019.0
121.5,30.0,60.0,1021.0
123.0,30.0,60.0,1030.0
124.5,30.0,60.0,1033.0
126.0,30.0,60.0,1038.0
127.5,30.0,60.0,1053.0
129.0,30.0,60.0,1061.0
130.5,30.0,60.0,1064.0
132.0,30.0,60.0,1067.0
133.5,30.0,60.0,1072.0
135.0,30.0,60.0,1078.0
136.5,30.0,60.0,1089.0
138.0,30.0,60.0,1086.0
139.5,30.0,60.0,1101.0
141.0,30.0,60.0,1106.0
142.5,30.0,60.0,1115.0
144.0,30.0,60.0,1115.0
145.5,30.0,60.0,1115.0
147.0,30.0,60.0,1115.0
148.5,30.0,60.0,1123.0
150.0,30.0,60.0,1132.0
151.5,30.0,60.0,1132.0
153.0,30.0,60.0,1137.0
154.5,30.0,60.0,1149.0
156.0,30.0,60.0,1163.0
157.5,30.0,60.0,1171.0
159.0,30.0,60.0,1174.0
160.5,30.0,60.0,1186.0
162.0,30.0,60.0,1186.0
163.5,30.0,60.0,1194.0
165.0,30.0,60.0,1200.0
166.5,30.0,60.0,1194.0
168.0,30.0,60.0,1208.0
169.5,30.0,60.0,1208.0
171.0,30.0,60.0,1211.0
172.5,30.0,60.0,1211.0
174.0,30.0,60.0,1214.0
175.5,30.0,60.0,1219.0
177.0,30.0,60.0,1219.0
178.5,30.0,60.0,1225.0
180.0,30.0,60.0,1225.0
0.0,30.0,70.0,605.0
1.5,30.0,70.0,603.0
3.0,30.0,70.0,620.0
4.5,30.0,70.0,622.0
6.0,30.0,70.0,625.0
7.5,30.0,70.0,631.0
9.0,30.0,70.0,631.0
10.5,30.0,70.0,642.0
12.0,30.0,70.0,645.0
13.5,30.0,70.0,654.0
15.0,30.0,70.0,654.0
16.5,30.0,70.0,654.0
18.0,30.0,70.0,656.0
19.5,30.0,70.0,662.0
21.0,30.0,70.0,668.0
22.5,30.0,70.0,671.0
24.0,30.0,70.0,673.0
25.5,30.0,70.0,671.0
27.0,30.0,70.0,673.0
28.5,30.0,70.0,676.0
30.0,30.0,70.0,676.0
31.5,30.0,70.0,673.0
33.0,30.0,70.0,682.0
34.5,30.0,70.0,682.0
36.0,30.0,70.0,682.0
37.5,30.0,70.0,682.0
39.0,30.0,70.0,685.0
40.5,30.0,70.0,682.0
42.0,30.0,70.0,690.0
43.5,30.0,70.0,688.0
45.0,30.0,70.0,690.0
46.5,30.0,70.0,696.0
48.0,30.0,70.0,696.0
49.5,30.0,70.0,693.0
51.0,30.0,70.0,693.0
52.5,30.0,70.0,696.0
54.0,30.0,70.0,696.0
55.5,30.0,70.0,696.0
57.0,30.0,70.0,696.0
58.5,30.0,70.0,693.0
60.0,30.0,70.0,699.0
61.5,30.0,70.0,702.0
63.0,30.0,70.0,705.0
64.5,30.0,70.0,707.0
66.0,30.0,70.0,713.0
67.5,30.0,70.0,702.0
69.0,30.0,70.0,705.0
70.5,30.0,70.0,707.0
72.0,30.0,70.0,713.0
73.5,30.0,70.0,710.0
75.0,30.0,70.0,713.0
76.5,30.0,70.0,716.0
78.0,30.0,70.0,716.0
79.5,30.0,70.0,713.0
81.0,30.0,70.0,716.0
82.5,30.0,70.0,716.0
84.0,30.0,70.0,724.0
85.5,30.0,70.0,727.0
87.0,30.0,70.0,727.0
88.5,30.0,70.0,724.0
90.0,30.0,70.0,724.0
91.5,30.0,70.0,724.0
93.0,30.0,70.0,724.0
94.5,30.0,70.0,727.0
96.0,30.0,70.0,733.0
97.5,30.0,70.0,736.0
99.0,30.0,70.0,741.0
100.5,30.0,70.0,741.0
102.0,30.0,70.0,738.0
103.5,30.0,70.0,741.0
105.0,30.0,70.0,744.0
106.5,30.0,70.0,744.0
108.0,30.0,70.0,747.0
109.5,30.0,70.0,747.0
111.0,30.0,70.0,744.0
112.5,30.0,70.0,750.0
114.0,30.0,70.0,747.0
115.5,30.0,70.0,758.0
117.0,30.0,70.0,761.0
118.5,30.0,70.0,764.0
120.0,30.0,70.0,767.0
121.5,30.0,70.0,770.0
123.0,30.0,70.0,775.0
124.5,30.0,70.0,778.0
126.0,30.0,70.0,781.0
127.5,30.0,70.0,787.0
129.0,30.0,70.0,792.0
130.5,30.0,70.0,787.0
132.0,30.0,70.0,792.0
133.5,30.0,70.0,795.0
135.0,30.0,70.0,801.0
136.5,30.0,70.0,798.0
138.0,30.0,70.0,801.0
139.5,30.0,70.0,806.0
141.0,30.0,70.0,815.0
142.5,30.0,70.0,812.0
144.0,30.0,70.0,812.0
145.5,30.0,70.0,815.0
147.0,30.0,70.0,823.0
148.5,30.0,70.0,821.0
150.0,30.0,70.0,829.0
151.5,30.0,70.0,826.0
153.0,30.0,70.0,832.0
154.5,30.0,70.0,835.0
156.0,30.0,70.0,835.0
157.5,30.0,70.0,840.0
159.0,30.0,70.0,843.0
160.5,30.0,70.0,843.0
162.0,30.0,70.0,846.0
163.5,30.0,70.0,849.0
165.0,30.0,70.0,852.0
166.5,30.0,70.0,860.0
168.0,30.0,70.0,866.0
169.5,30.0,70.0,866.0
171.0,30.0,70.0,871.0
172.5,30.0,70.0,874.0
174.0,30.0,70.0,874.0
175.5,30.0,70.0,877.0
177.0,30.0,70.0,886.0
178.5,30.0,70.0,880.0
180.0,30.0,70.0,886.0
0.0,30.0,82.5,456.0
1.5,30.0,82.5,461.0
3.0,30.0,82.5,458.0
4.5,30.0,82.5,447.0
6.0,30.0,82.5,439.0
7.5,30.0,82.5,424.0
9.0,30.0,82.5,410.0
10.5,30.0,82.5,402.0
12.0,30.0,82.5,396.0
13.5,30.0,82.5,396.0
15.0,30.0,82.5,390.0
16.5,30.0,82.5,390.0
18.0,30.0,82.5,388.0
19.5,30.0,82.5,379.0
21.0,30.0,82.5,379.0
22.5,30.0,82.5,371.0
24.0,30.0,82.5,379.0
25.5,30.0,82.5,376.0
27.0,30.0,82.5,371.0
28.5,30.0,82.5,368.0
30.0,30.0,82.5,365.0
31.5,30.0,82.5,368.0
33.0,30.0,82.5,368.0
34.5,30.0,82.5,371.0
36.0,30.0,82.5,362.0
37.5,30.0,82.5,362.0
39.0,30.0,82.5,359.0
40.5,30.0,82.5,357.0
42.0,30.0,82.5,359.0
43.5,30.0,82.5,359.0
45.0,30.0,82.5,362.0
46.5,30.0,82.5,354.0
48.0,30.0,82.5,351.0
49.5,30.0,82.5,351.0
51.0,30.0,82.5,351.0
52.5,30.0,82.5,348.0
54.0,30.0,82.5,354.0
55.5,30.0,82.5,354.0
57.0,30.0,82.5,348.0
58.5,30.0,82.5,345.0
60.0,30.0,82.5,351.0
61.5,30.0,82.5,345.0
63.0,30.0,82.5,345.0
64.5,30.0,82.5,340.0
66.0,30.0,82.5,340.0
67.5,30.0,82.5,340.0
69.0,30.0,82.5,342.0
70.5,30.0,82.5,345.0
72.0,30.0,82.5,340.0
73.5,30.0,82.5,345.0
75.0,30.0,82.5,340.0
76.5,30.0,82.5,342.0
78.0,30.0,82.5,340.0
79.5,30.0,82.5,342.0
81.0,30.0,82.5,337.0
82.5,30.0,82.5,337.0
84.0,30.0,82.5,334.0
85.5,30.0,82.5,337.0
87.0,30.0,82.5,334.0
88.5,30.0,82.5,334.0
90.0,30.0,82.5,337.0
91.5,30.0,82.5,334.0
93.0,30.0,82.5,331.0
94.5,30.0,82.5,337.0
96.0,30.0,82.5,337.0
97.5,30.0,82.5,334.0
99.0,30.0,82.5,337.0
100.5,30.0,82.5,340.0
102.0,30.0,82.5,337.0
103.5,30.0,82.5,337.0
105.0,30.0,82.5,340.0
106.5,30.0,82.5,334.0
108.0,30.0,82.5,334.0
109.5,30.0,82.5,342.0
111.0,30.0,82.5,345.0
112.5,30.0,82.5,345.0
114.0,30.0,82.5,342.0
115.5,30.0,82.5,345.0
117.0,30.0,82.5,340.0
118.5,30.0,82.5,348.0
120.0,30.0,82.5,345.0
121.5,30.0,82.5,348.0
123.0,30.0,82.5,342.0
124.5,30.0,82.5,354.0
126.0,30.0,82.5,345.0
127.5,30.0,82.5,351.0
129.0,30.0,82.5,351.0
130.5,30.0,82.5,348.0
132.0,30.0,82.5,351.0
133.5,30.0,82.5,354.0
135.0,30.0,82.5,354.0
136.5,30.0,82.5,354.0
138.0,30.0,82.5,357.0
139.5,30.0,82.5,359.0
141.0,30.0,82.5,362.0
142.5,30.0,82.5,359.0
144.0,30.0,82.5,359.0
145.5,30.0,82.5,357.0
147.0,30.0,82.5,362.0
148.5,30.0,82.5,368.0
150.0,30.0,82.5,362.0
151.5,30.0,82.5,365.0
153.0,30.0,82.5,368.0
154.5,30.0,82.5,365.0
156.0,30.0,82.5,362.0
157.5,30.0,82.5,368.0
159.0,30.0,82.5,371.0
160.5,30.0,82.5,371.0
162.0,30.0,82.5,368.0
163.5,30.0,82.5,379.0
165.0,30.0,82.5,376.0
166.5,30.0,82.5,388.0
168.0,30.0,82.5,393.0
169.5,30.0,82.5,396.0
171.0,30.0,82.5,405.0
172.5,30.0,82.5,413.0
174.0,30.0,82.5,424.0
175.5,30.0,82.5,433.0
177.0,30.0,82.5,444.0
178.5,30.0,82.5,450.0
180.0,30.0,82.5,456.0
0.0,40.0,0.0,1262.0
0.0,40.0,10.0,891.0
1.5,40.0,10.0,874.0
3.0,40.0,10.0,880.0
4.5,40.0,10.0,886.0
6.0,40.0,10.0,883.0
7.5,40.0,10.0,891.0
9.0,40.0,10.0,897.0
10.5,40.0,10.0,897.0
12.0,40.0,10.0,897.0
13.5,40.0,10.0,897.0
15.0,40.0,10.0,897.0
16.5,40.0,10.0,897.0
18.0,40.0,10.0,917.0
19.5,40.0,10.0,914.0
21.0,40.0,10.0,920.0
22.5,40.0,10.0,920.0
24.0,40.0,10.0,951.0
25.5,40.0,10.0,948.0
27.0,40.0,10.0,945.0
28.5,40.0,10.0,965.0
30.0,40.0,10.0,965.0
31.5,40.0,10.0,962.0
33.0,40.0,10.0,979.0
34.5,40.0,10.0,979.0
36.0,40.0,10.0,996.0
37.5,40.0,10.0,987.0
39.0,40.0,10.0,996.0
40.5,40.0,10.0,987.0
42.0,40.0,10.0,1007.0
43.5,40.0,10.0,996.0
45.0,40.0,10.0,1004.0
46.5,40.0,10.0,1004.0
48.0,40.0,10.0,1016.0
49.5,40.0,10.0,1007.0
51.0,40.0,10.0,1021.0
52.5,40.0,10.0,1044.0
54.0,40.0,10.0,1036.0
55.5,40.0,10.0,1047.0
57.0,40.0,10.0,1044.0
58.5,40.0,10.0,1055.0
60.0,40.0,10.0,1061.0
61.5,40.0,10.0,1086.0
63.0,40.0,10.0,1086.0
64.5,40.0,10.0,1098.0
66.0,40.0,10.0,1106.0
67.5,40.0,10.0,1118.0
69.0,40.0,10.0,1115.0
70.5,40.0,10.0,1129.0
72.0,40.0,10.0,1140.0
73.5,40.0,10.0,1157.0
75.0,40.0,10.0,1152.0
76.5,40.0,10.0,1157.0
78.0,40.0,10.0,1177.0
79.5,40.0,10.0,1183.0
81.0,40.0,10.0,1194.0
82.5,40.0,10.0,1194.0
84.0,40.0,10.0,1205.0
85.5,40.0,10.0,1217.0
87.0,40.0,10.0,1228.0
88.5,40.0,10.0,1245.0
90.0,40.0,10.0,1251.0
91.5,40.0,10.0,1245.0
93.0,40.0,10.0,1262.0
94.5,40.0,10.0,1273.0
96.0,40.0,10.0,1287.0
97.5,40.0,10.0,1296.0
99.0,40.0,10.0,1313.0
100.5,40.0,10.0,1321.0
102.0,40.0,10.0,1327.0
103.5,40.0,10.0,1338.0
105.0,40.0,10.0,1350.0
106.5,40.0,10.0,1347.0
108.0,40.0,10.0,1358.0
109.5,40.0,10.0,1369.0
111.0,40.0,10.0,1381.0
112.5,40.0,10.0,1395.0
114.0,40.0,10.0,1403.0
115.5,40.0,10.0,1423.0
117.0,40.0,10.0,1412.0
118.5,40.0,10.0,1420.0
120.0,40.0,10.0,1437.0
121.5,40.0,10.0,1451.0
123.0,40.0,10.0,1463.0
124.5,40.0,10.0,1451.0
126.0,40.0,10.0,1451.0
127.5,40.0,10.0,1471.0
129.0,40.0,10.0,1485.0
130.5,40.0,10.0,1502.0
132.0,40.0,10.0,1491.0
133.5,40.0,10.0,1500.0
135.0,40.0,10.0,1522.0
136.5,40.0,10.0,1534.0
138.0,40.0,10.0,1539.0
139.5,40.0,10.0,1542.0
141.0,40.0,10.0,1545.0
142.5,40.0,10.0,1565.0
144.0,40.0,10.0,1559.0
145.5,40.0,10.0,1562.0
147.0,40.0,10.0,1562.0
148.5,40.0,10.0,1576.0
150.0,40.0,10.0,1567.0
151.5,40.0,10.0,1584.0
153.0,40.0,10.0,1584.0
154.5,40.0,10.0,1604.0
156.0,40.0,10.0,1601.0
157.5,40.0,10.0,1613.0
159.0,40.0,10.0,1613.0
160.5,40.0,10.0,1630.0
162.0,40.0,10.0,1630.0
163.5,40.0,10.0,1624.0
165.0,40.0,10.0,1638.0
166.5,40.0,10.0,1624.0
168.0,40.0,10.0,1627.0
169.5,40.0,10.0,1613.0
171.0,40.0,10.0,1610.0
172.5,40.0,10.0,1633.0
174.0,40.0,10.0,1630.0
175.5,40.0,10.0,1633.0
177.0,40.0,10.0,1624.0
178.5,40.0,10.0,1627.0
180.0,40.0,10.0,1630.0
0.0,40.0,20.0,574.0
1.5,40.0,20.0,574.0
3.0,40.0,20.0,580.0
4.5,40.0,20.0,580.0
6.0,40.0,20.0,605.0
7.5,40.0,20.0,608.0
9.0,40.0,20.0,620.0
10.5,40.0,20.0,611.0
12.0,40.0,20.0,617.0
13.5,40.0,20.0,651.0
15.0,40.0,20.0,651.0
16.5,40.0,20.0,645.0
18.0,40.0,20.0,673.0
19.5,40.0,20.0,676.0
21.0,40.0,20.0,659.0
22.5,40.0,20.0,645.0
24.0,40.0,20.0,668.0
25.5,40.0,20.0,665.0
27.0,40.0,20.0,665.0
28.5,40.0,20.0,665.0
30.0,40.0,20.0,702.0
31.5,40.0,20.0,696.0
33.0,40.0,20.0,705.0
34.5,40.0,20.0,690.0
36.0,40.0,20.0,707.0
37.5,40.0,20.0,744.0
39.0,40.0,20.0,730.0
40.5,40.0,20.0,736.0
42.0,40.0,20.0,744.0
43.5,40.0,20.0,750.0
45.0,40.0,20.0,778.0
46.5,40.0,20.0,784.0
48.0,40.0,20.0,792.0
49.5,40.0,20.0,809.0
51.0,40.0,20.0,809.0
52.5,40.0,20.0,829.0
54.0,40.0,20.0,832.0
55.5,40.0,20.0,840.0
57.0,40.0,20.0,863.0
58.5,40.0,20.0,871.0
60.0,40.0,20.0,871.0
61.5,40.0,20.0,880.0
63.0,40.0,20.0,900.0
64.5,40.0,20.0,917.0
66.0,40.0,20.0,925.0
67.5,40.0,20.0,945.0
69.0,40.0,20.0,962.0
70.5,40.0,20.0,970.0
72.0,40.0,20.0,982.0
73.5,40.0,20.0,996.0
75.0,40.0,20.0,996.0
76.5,40.0,20.0,1019.0
78.0,40.0,20.0,1030.0
79.5,40.0,20.0,1050.0
81.0,40.0,20.0,1055.0
82.5,40.0,20.0,1086.0
84.0,40.0,20.0,1089.0
85.5,40.0,20.0,1120.0
87.0,40.0,20.0,1140.0
88.5,40.0,20.0,1140.0
90.0,40.0,20.0,1166.0
91.5,40.0,20.0,1169.0
93.0,40.0,20.0,1188.0
94.5,40.0,20.0,1211.0
96.0,40.0,20.0,1219.0
97.5,40.0,20.0,1248.0
99.0,40.0,20.0,1270.0
100.5,40.0,20.0,1282.0
102.0,40.0,20.0,1302.0
103.5,40.0,20.0,1318.0
105.0,40.0,20.0,1344.0
106.5,40.0,20.0,1344.0
108.0,40.0,20.0,1372.0
109.5,40.0,20.0,1392.0
111.0,40.0,20.0,1401.0
112.5,40.0,20.0,1420.0
114.0,40.0,20.0,1449.0
115.5,40.0,20.0,1449.0
117.0,40.0,20.0,1463.0
118.5,40.0,20.0,1488.0
120.0,40.0,20.0,1502.0
121.5,40.0,20.0,1522.0
123.0,40.0,20.0,1545.0
124.5,40.0,20.0,1565.0
126.0,40.0,20.0,1576.0
127.5,40.0,20.0,1587.0
129.0,40.0,20.0,1601.0
130.5,40.0,20.0,1618.0
0.0,40.0,30.0,419.0
1.5,40.0,30.0,413.0
3.0,40.0,30.0,422.0
4.5,40.0,30.0,422.0
6.0,40.0,30.0,422.0
7.5,40.0,30.0,439.0
9.0,40.0,30.0,453.0
10.5,40.0,30.0,481.0
12.0,40.0,30.0,481.0
13.5,40.0,30.0,487.0
15.0,40.0,30.0,473.0
16.5,40.0,30.0,470.0
18.0,40.0,30.0,467.0
19.5,40.0,30.0,467.0
21.0,40.0,30.0,495.0
22.5,40.0,30.0,487.0
24.0,40.0,30.0,498.0
25.5,40.0,30.0,484.0
27.0,40.0,30.0,504.0
28.5,40.0,30.0,532.0
30.0,40.0,30.0,523.0
31.5,40.0,30.0,538.0
33.0,40.0,30.0,521.0
34.5,40.0,30.0,535.0
36.0,40.0,30.0,563.0
37.5,40.0,30.0,555.0
39.0,40.0,30.0,560.0
40.5,40.0,30.0,583.0
42.0,40.0,30.0,600.0
43.5,40.0,30.0,600.0
45.0,40.0,30.0,631.0
46.5,40.0,30.0,617.0
48.0,40.0,30.0,628.0
49.5,40.0,30.0,639.0
51.0,40.0,30.0,654.0
52.5,40.0,30.0,656.0
54.0,40.0,30.0,668.0
55.5,40.0,30.0,673.0
57.0,40.0,30.0,713.0
58.5,40.0,30.0,713.0
60.0,40.0,30.0,721.0
61.5,40.0,30.0,744.0
63.0,40.0,30.0,750.0
64.5,40.0,30.0,758.0
66.0,40.0,30.0,801.0
67.5,40.0,30.0,795.0
69.0,40.0,30.0,806.0
70.5,40.0,30.0,823.0
72.0,40.0,30.0,826.0
73.5,40.0,30.0,849.0
75.0,40.0,30.0,869.0
76.5,40.0,30.0,880.0
78.0,40.0,30.0,903.0
79.5,40.0,30.0,925.0
81.0,40.0,30.0,931.0
82.5,40.0,30.0,942.0
84.0,40.0,30.0,965.0
85.5,40.0,30.0,990.0
87.0,40.0,30.0,1007.0
88.5,40.0,30.0,1027.0
90.0,40.0,30.0,1053.0
91.5,40.0,30.0,1072.0
93.0,40.0,30.0,1089.0
94.5,40.0,30.0,1092.0
96.0,40.0,30.0,1123.0
97.5,40.0,30.0,1146.0
99.0,40.0,30.0,1163.0
100.5,40.0,30.0,1177.0
102.0,40.0,30.0,1205.0
103.5,40.0,30.0,1225.0
105.0,40.0,30.0,1242.0
106.5,40.0,30.0,1262.0
108.0,40.0,30.0,1285.0
109.5,40.0,30.0,1302.0
111.0,40.0,30.0,1335.0
112.5,40.0,30.0,1361.0
114.0,40.0,30.0,1369.0
115.5,40.0,30.0,1392.0
117.0,40.0,30.0,1415.0
118.5,40.0,30.0,1429.0
120.0,40.0,30.0,1451.0
121.5,40.0,30.0,1471.0
123.0,40.0,30.0,1491.0
124.5,40.0,30.0,1508.0
126.0,40.0,30.0,1531.0
127.5,40.0,30.0,1542.0
129.0,40.0,30.0,1565.0
0.0,40.0,40.0,351.0
1.5,40.0,40.0,342.0
3.0,40.0,40.0,342.0
4.5,40.0,40.0,357.0
6.0,40.0,40.0,359.0
7.5,40.0,40.0,379.0
9.0,40.0,40.0,396.0
10.5,40.0,40.0,388.0
12.0,40.0,40.0,385.0
13.5,40.0,40.0,385.0
15.0,40.0,40.0,388.0
16.5,40.0,40.0,393.0
18.0,40.0,40.0,410.0
19.5,40.0,40.0,396.0
21.0,40.0,40.0,419.0
22.5,40.0,40.0,430.0
24.0,40.0,40.0,419.0
25.5,40.0,40.0,436.0
27.0,40.0,40.0,436.0
28.5,40.0,40.0,444.0
30.0,40.0,40.0,461.0
31.5,40.0,40.0,470.0
33.0,40.0,40.0,467.0
34.5,40.0,40.0,487.0
36.0,40.0,40.0,481.0
37.5,40.0,40.0,489.0
39.0,40.0,40.0,487.0
40.5,40.0,40.0,506.0
42.0,40.0,40.0,529.0
43.5,40.0,40.0,518.0
45.0,40.0,40.0,546.0
46.5,40.0,40.0,540.0
48.0,40.0,40.0,572.0
49.5,40.0,40.0,566.0
51.0,40.0,40.0,577.0
52.5,40.0,40.0,580.0
54.0,40.0,40.0,589.0
55.5,40.0,40.0,591.0
57.0,40.0,40.0,608.0
58.5,40.0,40.0,620.0
60.0,40.0,40.0,628.0
61.5,40.0,40.0,651.0
63.0,40.0,40.0,668.0
64.5,40.0,40.0,656.0
66.0,40.0,40.0,685.0
67.5,40.0,40.0,696.0
69.0,40.0,40.0,713.0
70.5,40.0,40.0,707.0
72.0,40.0,40.0,724.0
73.5,40.0,40.0,744.0
75.0,40.0,40.0,764.0
76.5,40.0,40.0,775.0
78.0,40.0,40.0,795.0
79.5,40.0,40.0,821.0
81.0,40.0,40.0,815.0
82.5,40.0,40.0,840.0
84.0,40.0,40.0,846.0
85.5,40.0,40.0,866.0
87.0,40.0,40.0,877.0
88.5,40.0,40.0,900.0
90.0,40.0,40.0,911.0
91.5,40.0,40.0,948.0
93.0,40.0,40.0,959.0
94.5,40.0,40.0,973.0
96.0,40.0,40.0,990.0
97.5,40.0,40.0,1013.0
99.0,40.0,40.0,1038.0
100.5,40.0,40.0,1053.0
102.0,40.0,40.0,1072.0
103.5,40.0,40.0,1101.0
105.0,40.0,40.0,1112.0
106.5,40.0,40.0,1140.0
108.0,40.0,40.0,1152.0
109.5,40.0,40.0,1174.0
111.0,40.0,40.0,1186.0
112.5,40.0,40.0,1208.0
114.0,40.0,40.0,1239.0
115.5,40.0,40.0,1256.0
117.0,40.0,40.0,1282.0
118.5,40.0,40.0,1307.0
120.0,40.0,40.0,1324.0
121.5,40.0,40.0,1344.0
123.0,40.0,40.0,1367.0
124.5,40.0,40.0,1389.0
126.0,40.0,40.0,1406.0
127.5,40.0,40.0,1429.0
129.0,40.0,40.0,1437.0
130.5,40.0,40.0,1460.0
132.0,40.0,40.0,1474.0
0.0,40.0,50.0,357.0
1.5,40.0,50.0,357.0
3.0,40.0,50.0,365.0
4.5,40.0,50.0,365.0
6.0,40.0,50.0,399.0
7.5,40.0,50.0,390.0
9.0,40.0,50.0,385.0
10.5,40.0,50.0,390.0
12.0,40.0,50.0,402.0
13.5,40.0,50.0,413.0
15.0,40.0,50.0,410.0
16.5,40.0,50.0,427.0
18.0,40.0,50.0,430.0
19.5,40.0,50.0,433.0
21.0,40.0,50.0,444.0
22.5,40.0,50.0,447.0
24.0,40.0,50.0,450.0
25.5,40.0,50.0,456.0
27.0,40.0,50.0,461.0
28.5,40.0,50.0,464.0
30.0,40.0,50.0,481.0
31.5,40.0,50.0,481.0
33.0,40.0,50.0,484.0
34.5,40.0,50.0,498.0
36.0,40.0,50.0,498.0
37.5,40.0,50.0,506.0
39.0,40.0,50.0,523.0
40.5,40.0,50.0,532.0
42.0,40.0,50.0,549.0
43.5,40.0,50.0,535.0
45.0,40.0,50.0,555.0
46.5,40.0,50.0,549.0
48.0,40.0,50.0,560.0
49.5,40.0,50.0,566.0
51.0,40.0,50.0,574.0
52.5,40.0,50.0,572.0
54.0,40.0,50.0,580.0
55.5,40.0,50.0,586.0
57.0,40.0,50.0,600.0
58.5,40.0,50.0,617.0
60.0,40.0,50.0,622.0
61.5,40.0,50.0,620.0
63.0,40.0,50.0,642.0
64.5,40.0,50.0,637.0
66.0,40.0,50.0,654.0
67.5,40.0,50.0,659.0
69.0,40.0,50.0,662.0
70.5,40.0,50.0,679.0
72.0,40.0,50.0,688.0
73.5,40.0,50.0,693.0
75.0,40.0,50.0,719.0
76.5,40.0,50.0,719.0
78.0,40.0,50.0,730.0
79.5,40.0,50.0,741.0
81.0,40.0,50.0,744.0
82.5,40.0,50.0,767.0
84.0,40.0,50.0,781.0
85.5,40.0,50.0,792.0
87.0,40.0,50.0,798.0
88.5,40.0,50.0,815.0
90.0,40.0,50.0,821.0
91.5,40.0,50.0,860.0
93.0,40.0,50.0,857.0
94.5,40.0,50.0,874.0
96.0,40.0,50.0,880.0
97.5,40.0,50.0,900.0
99.0,40.0,50.0,917.0
100.5,40.0,50.0,925.0
102.0,40.0,50.0,939.0
103.5,40.0,50.0,948.0
105.0,40.0,50.0,970.0
106.5,40.0,50.0,993.0
108.0,40.0,50.0,1010.0
109.5,40.0,50.0,1030.0
111.0,40.0,50.0,1038.0
112.5,40.0,50.0,1058.0
114.0,40.0,50.0,1075.0
115.5,40.0,50.0,1089.0
117.0,40.0,50.0,1112.0
118.5,40.0,50.0,1126.0
120.0,40.0,50.0,1143.0
121.5,40.0,50.0,1163.0
123.0,40.0,50.0,1177.0
124.5,40.0,50.0,1200.0
126.0,40.0,50.0,1217.0
127.5,40.0,50.0,1231.0
129.0,40.0,50.0,1251.0
130.5,40.0,50.0,1268.0
132.0,40.0,50.0,1282.0
133.5,40.0,50.0,1296.0
135.0,40.0,50.0,1310.0
136.5,40.0,50.0,1321.0
138.0,40.0,50.0,1335.0
0.0,40.0,60.0,410.0
1.5,40.0,60.0,416.0
3.0,40.0,60.0,430.0
4.5,40.0,60.0,453.0
6.0,40.0,60.0,450.0
7.5,40.0,60.0,464.0
9.0,40.0,60.0,470.0
10.5,40.0,60.0,481.0
12.0,40.0,60.0,489.0
13.5,40.0,60.0,501.0
15.0,40.0,60.0,512.0
16.5,40.0,60.0,512.0
18.0,40.0,60.0,521.0
19.5,40.0,60.0,535.0
21.0,40.0,60.0,529.0
22.5,40.0,60.0,535.0
24.0,40.0,60.0,546.0
25.5,40.0,60.0,552.0
27.0,40.0,60.0,563.0
28.5,40.0,60.0,569.0
30.0,40.0,60.0,572.0
31.5,40.0,60.0,580.0
33.0,40.0,60.0,586.0
34.5,40.0,60.0,586.0
36.0,40.0,60.0,583.0
37.5,40.0,60.0,594.0
39.0,40.0,60.0,597.0
40.5,40.0,60.0,603.0
42.0,40.0,60.0,605.0
43.5,40.0,60.0,622.0
45.0,40.0,60.0,622.0
46.5,40.0,60.0,622.0
48.0,40.0,60.0,614.0
49.5,40.0,60.0,622.0
51.0,40.0,60.0,625.0
52.5,40.0,60.0,642.0
54.0,40.0,60.0,642.0
55.5,40.0,60.0,656.0
57.0,40.0,60.0,651.0
58.5,40.0,60.0,659.0
60.0,40.0,60.0,654.0
61.5,40.0,60.0,662.0
63.0,40.0,60.0,673.0
64.5,40.0,60.0,685.0
66.0,40.0,60.0,673.0
67.5,40.0,60.0,688.0
69.0,40.0,60.0,688.0
70.5,40.0,60.0,696.0
72.0,40.0,60.0,702.0
73.5,40.0,60.0,705.0
75.0,40.0,60.0,707.0
76.5,40.0,60.0,730.0
78.0,40.0,60.0,724.0
79.5,40.0,60.0,733.0
81.0,40.0,60.0,736.0
82.5,40.0,60.0,753.0
84.0,40.0,60.0,755.0
85.5,40.0,60.0,750.0
87.0,40.0,60.0,764.0
88.5,40.0,60.0,767.0
90.0,40.0,60.0,784.0
91.5,40.0,60.0,781.0
93.0,40.0,60.0,784.0
94.5,40.0,60.0,795.0
96.0,40.0,60.0,809.0
97.5,40.0,60.0,812.0
99.0,40.0,60.0,821.0
100.5,40.0,60.0,837.0
102.0,40.0,60.0,849.0
103.5,40.0,60.0,854.0
105.0,40.0,60.0,857.0
106.5,40.0,60.0,866.0
108.0,40.0,60.0,880.0
109.5,40.0,60.0,883.0
111.0,40.0,60.0,891.0
112.5,40.0,60.0,903.0
114.0,40.0,60.0,914.0
115.5,40.0,60.0,922.0
117.0,40.0,60.0,939.0
118.5,40.0,60.0,942.0
120.0,40.0,60.0,951.0
121.5,40.0,60.0,959.0
123.0,40.0,60.0,968.0
124.5,40.0,60.0,979.0
126.0,40.0,60.0,990.0
127.5,40.0,60.0,996.0
129.0,40.0,60.0,1019.0
130.5,40.0,60.0,1024.0
132.0,40.0,60.0,1033.0
133.5,40.0,60.0,1038.0
135.0,40.0,60.0,1055.0
136.5,40.0,60.0,1058.0
138.0,40.0,60.0,1064.0
139.5,40.0,60.0,1075.0
141.0,40.0,60.0,1084.0
142.5,40.0,60.0,1092.0
144.0,40.0,60.0,1092.0
145.5,40.0,60.0,1112.0
147.0,40.0,60.0,1112.0
148.5,40.0,60.0,1115.0
150.0,40.0,60.0,1126.0
0.0,40.0,70.0,555.0
1.5,40.0,70.0,555.0
3.0,40.0,70.0,574.0
4.5,40.0,70.0,574.0
6.0,40.0,70.0,589.0
7.5,40.0,70.0,589.0
9.0,40.0,70.0,605.0
10.5,40.0,70.0,605.0
12.0,40.0,70.0,620.0
13.5,40.0,70.0,617.0
15.0,40.0,70.0,622.0
16.5,40.0,70.0,634.0
18.0,40.0,70.0,639.0
19.5,40.0,70.0,639.0
21.0,40.0,70.0,639.0
22.5,40.0,70.0,645.0
24.0,40.0,70.0,642.0
25.5,40.0,70.0,645.0
27.0,40.0,70.0,656.0
28.5,40.0,70.0,648.0
30.0,40.0,70.0,648.0
31.5,40.0,70.0,651.0
33.0,40.0,70.0,659.0
34.5,40.0,70.0,656.0
36.0,40.0,70.0,654.0
37.5,40.0,70.0,651.0
39.0,40.0,70.0,659.0
40.5,40.0,70.0,665.0
42.0,40.0,70.0,659.0
43.5,40.0,70.0,665.0
45.0,40.0,70.0,659.0
46.5,40.0,70.0,656.0
48.0,40.0,70.0,659.0
49.5,40.0,70.0,668.0
51.0,40.0,70.0,659.0
52.5,40.0,70.0,659.0
54.0,40.0,70.0,662.0
55.5,40.0,70.0,659.0
57.0,40.0,70.0,665.0
58.5,40.0,70.0,662.0
60.0,40.0,70.0,665.0
61.5,40.0,70.0,659.0
63.0,40.0,70.0,665.0
64.5,40.0,70.0,662.0
66.0,40.0,70.0,662.0
67.5,40.0,70.0,659.0
69.0,40.0,70.0,659.0
70.5,40.0,70.0,659.0
72.0,40.0,70.0,662.0
73.5,40.0,70.0,668.0
75.0,40.0,70.0,662.0
76.5,40.0,70.0,668.0
78.0,40.0,70.0,665.0
79.5,40.0,70.0,671.0
81.0,40.0,70.0,673.0
82.5,40.0,70.0,671.0
84.0,40.0,70.0,679.0
85.5,40.0,70.0,682.0
87.0,40.0,70.0,679.0
88.5,40.0,70.0,685.0
90.0,40.0,70.0,676.0
91.5,40.0,70.0,682.0
93.0,40.0,70.0,688.0
94.5,40.0,70.0,688.0
96.0,40.0,70.0,690.0
97.5,40.0,70.0,682.0
99.0,40.0,70.0,688.0
100.5,40.0,70.0,693.0
102.0,40.0,70.0,693.0
103.5,40.0,70.0,693.0
105.0,40.0,70.0,699.0
106.5,40.0,70.0,702.0
108.0,40.0,70.0,713.0
109.5,40.0,70.0,713.0
111.0,40.0,70.0,713.0
112.5,40.0,70.0,719.0
114.0,40.0,70.0,721.0
115.5,40.0,70.0,719.0
117.0,40.0,70.0,719.0
118.5,40.0,70.0,738.0
120.0,40.0,70.0,738.0
121.5,40.0,70.0,750.0
123.0,40.0,70.0,755.0
124.5,40.0,70.0,755.0
126.0,40.0,70.0,755.0
127.5,40.0,70.0,758.0
129.0,40.0,70.0,770.0
130.5,40.0,70.0,764.0
132.0,40.0,70.0,775.0
133.5,40.0,70.0,770.0
135.0,40.0,70.0,770.0
136.5,40.0,70.0,775.0
138.0,40.0,70.0,775.0
139.5,40.0,70.0,775.0
141.0,40.0,70.0,784.0
142.5,40.0,70.0,789.0
144.0,40.0,70.0,787.0
145.5,40.0,70.0,789.0
147.0,40.0,70.0,795.0
148.5,40.0,70.0,804.0
150.0,40.0,70.0,795.0
151.5,40.0,70.0,801.0
153.0,40.0,70.0,806.0
154.5,40.0,70.0,818.0
156.0,40.0,70.0,832.0
157.5,40.0,70.0,832.0
159.0,40.0,70.0,837.0
160.5,40.0,70.0,840.0
162.0,40.0,70.0,849.0
163.5,40.0,70.0,852.0
165.0,40.0,70.0,852.0
166.5,40.0,70.0,866.0
168.0,40.0,70.0,866.0
169.5,40.0,70.0,863.0
171.0,40.0,70.0,874.0
172.5,40.0,70.0,880.0
174.0,40.0,70.0,886.0
175.5,40.0,70.0,891.0
177.0,40.0,70.0,894.0
178.5,40.0,70.0,900.0
180.0,40.0,70.0,900.0
0.0,40.0,82.5,481.0
1.5,40.0,82.5,484.0
3.0,40.0,82.5,473.0
4.5,40.0,82.5,458.0
6.0,40.0,82.5,439.0
7.5,40.0,82.5,424.0
9.0,40.0,82.5,413.0
10.5,40.0,82.5,419.0
12.0,40.0,82.5,410.0
13.5,40.0,82.5,402.0
15.0,40.0,82.5,388.0
16.5,40.0,82.5,396.0
18.0,40.0,82.5,396.0
19.5,40.0,82.5,388.0
21.0,40.0,82.5,385.0
22.5,40.0,82.5,385.0
24.0,40.0,82.5,390.0
25.5,40.0,82.5,382.0
27.0,40.0,82.5,379.0
28.5,40.0,82.5,376.0
30.0,40.0,82.5,379.0
31.5,40.0,82.5,373.0
33.0,40.0,82.5,371.0
34.5,40.0,82.5,368.0
36.0,40.0,82.5,368.0
37.5,40.0,82.5,365.0
39.0,40.0,82.5,357.0
40.5,40.0,82.5,359.0
42.0,40.0,82.5,359.0
43.5,40.0,82.5,357.0
45.0,40.0,82.5,351.0
46.5,40.0,82.5,348.0
48.0,40.0,82.5,351.0
49.5,40.0,82.5,351.0
51.0,40.0,82.5,342.0
52.5,40.0,82.5,342.0
54.0,40.0,82.5,342.0
55.5,40.0,82.5,342.0
57.0,40.0,82.5,337.0
58.5,40.0,82.5,340.0
60.0,40.0,82.5,334.0
61.5,40.0,82.5,337.0
63.0,40.0,82.5,331.0
64.5,40.0,82.5,331.0
66.0,40.0,82.5,337.0
67.5,40.0,82.5,337.0
69.0,40.0,82.5,340.0
70.5,40.0,82.5,328.0
72.0,40.0,82.5,328.0
73.5,40.0,82.5,325.0
75.0,40.0,82.5,325.0
76.5,40.0,82.5,328.0
78.0,40.0,82.5,334.0
79.5,40.0,82.5,334.0
81.0,40.0,82.5,334.0
82.5,40.0,82.5,334.0
84.0,40.0,82.5,323.0
85.5,40.0,82.5,320.0
87.0,40.0,82.5,320.0
88.5,40.0,82.5,323.0
90.0,40.0,82.5,323.0
91.5,40.0,82.5,323.0
93.0,40.0,82.5,320.0
94.5,40.0,82.5,320.0
96.0,40.0,82.5,320.0
97.5,40.0,82.5,320.0
99.0,40.0,82.5,325.0
100.5,40.0,82.5,325.0
102.0,40.0,82.5,323.0
103.5,40.0,82.5,323.0
105.0,40.0,82.5,320.0
106.5,40.0,82.5,320.0
108.0,40.0,82.5,320.0
109.5,40.0,82.5,328.0
111.0,40.0,82.5,328.0
112.5,40.0,82.5,325.0
114.0,40.0,82.5,328.0
115.5,40.0,82.5,320.0
117.0,40.0,82.5,331.0
118.5,40.0,82.5,337.0
120.0,40.0,82.5,331.0
121.5,40.0,82.5,331.0
123.0,40.0,82.5,328.0
124.5,40.0,82.5,325.0
126.0,40.0,82.5,334.0
127.5,40.0,82.5,331.0
129.0,40.0,82.5,334.0
130.5,40.0,82.5,328.0
132.0,40.0,82.5,331.0
133.5,40.0,82.5,331.0
135.0,40.0,82.5,334.0
136.5,40.0,82.5,340.0
138.0,40.0,82.5,331.0
139.5,40.0,82.5,334.0
141.0,40.0,82.5,345.0
142.5,40.0,82.5,348.0
144.0,40.0,82.5,348.0
145.5,40.0,82.5,351.0
147.0,40.0,82.5,351.0
148.5,40.0,82.5,348.0
150.0,40.0,82.5,354.0
151.5,40.0,82.5,354.0
153.0,40.0,82.5,357.0
154.5,40.0,82.5,359.0
156.0,40.0,82.5,354.0
157.5,40.0,82.5,365.0
159.0,40.0,82.5,362.0
160.5,40.0,82.5,368.0
162.0,40.0,82.5,365.0
163.5,40.0,82.5,373.0
165.0,40.0,82.5,376.0
166.5,40.0,82.5,379.0
168.0,40.0,82.5,376.0
169.5,40.0,82.5,385.0
171.0,40.0,82.5,393.0
172.5,40.0,82.5,402.0
174.0,40.0,82.5,410.0
175.5,40.0,82.5,419.0
177.0,40.0,82.5,427.0
178.5,40.0,82.5,441.0
180.0,40.0,82.5,453.0
0.0,50.0,0.0,673.0
0.0,50.0,10.0,396.0
1.5,50.0,10.0,390.0
3.0,50.0,10.0,388.0
4.5,50.0,10.0,393.0
6.0,50.0,10.0,399.0
7.5,50.0,10.0,416.0
9.0,50.0,10.0,419.0
10.5,50.0,10.0,413.0
12.0,50.0,10.0,416.0
13.5,50.0,10.0,416.0
15.0,50.0,10.0,419.0
16.5,50.0,10.0,419.0
18.0,50.0,10.0,419.0
19.5,50.0,10.0,430.0
21.0,50.0,10.0,424.0
22.5,50.0,10.0,447.0
24.0,50.0,10.0,470.0
25.5,50.0,10.0,467.0
27.0,50.0,10.0,467.0
28.5,50.0,10.0,461.0
30.0,50.0,10.0,464.0
31.5,50.0,10.0,478.0
33.0,50.0,10.0,475.0
34.5,50.0,10.0,484.0
36.0,50.0,10.0,478.0
37.5,50.0,10.0,473.0
39.0,50.0,10.0,501.0
40.5,50.0,10.0,498.0
42.0,50.0,10.0,484.0
43.5,50.0,10.0,495.0
45.0,50.0,10.0,489.0
46.5,50.0,10.0,501.0
48.0,50.0,10.0,521.0
49.5,50.0,10.0,521.0
51.0,50.0,10.0,515.0
52.5,50.0,10.0,515.0
54.0,50.0,10.0,523.0
55.5,50.0,10.0,529.0
57.0,50.0,10.0,526.0
58.5,50.0,10.0,543.0
60.0,50.0,10.0,549.0
61.5,50.0,10.0,543.0
63.0,50.0,10.0,555.0
64.5,50.0,10.0,569.0
66.0,50.0,10.0,580.0
67.5,50.0,10.0,574.0
69.0,50.0,10.0,586.0
70.5,50.0,10.0,594.0
72.0,50.0,10.0,608.0
73.5,50.0,10.0,600.0
75.0,50.0,10.0,603.0
76.5,50.0,10.0,614.0
78.0,50.0,10.0,622.0
79.5,50.0,10.0,639.0
81.0,50.0,10.0,634.0
82.5,50.0,10.0,642.0
84.0,50.0,10.0,671.0
85.5,50.0,10.0,662.0
87.0,50.0,10.0,673.0
88.5,50.0,10.0,688.0
90.0,50.0,10.0,699.0
91.5,50.0,10.0,707.0
93.0,50.0,10.0,724.0
94.5,50.0,10.0,733.0
96.0,50.0,10.0,721.0
97.5,50.0,10.0,733.0
99.0,50.0,10.0,736.0
100.5,50.0,10.0,753.0
102.0,50.0,10.0,761.0
103.5,50.0,10.0,767.0
105.0,50.0,10.0,772.0
106.5,50.0,10.0,770.0
108.0,50.0,10.0,787.0
109.5,50.0,10.0,792.0
111.0,50.0,10.0,806.0
112.5,50.0,10.0,815.0
114.0,50.0,10.0,832.0
115.5,50.0,10.0,840.0
117.0,50.0,10.0,837.0
118.5,50.0,10.0,854.0
120.0,50.0,10.0,857.0
121.5,50.0,10.0,866.0
123.0,50.0,10.0,874.0
124.5,50.0,10.0,888.0
126.0,50.0,10.0,891.0
127.5,50.0,10.0,894.0
129.0,50.0,10.0,908.0
130.5,50.0,10.0,920.0
132.0,50.0,10.0,920.0
133.5,50.0,10.0,931.0
135.0,50.0,10.0,934.0
136.5,50.0,10.0,939.0
138.0,50.0,10.0,953.0
139.5,50.0,10.0,956.0
141.0,50.0,10.0,956.0
142.5,50.0,10.0,965.0
144.0,50.0,10.0,976.0
145.5,50.0,10.0,970.0
147.0,50.0,10.0,990.0
148.5,50.0,10.0,985.0
150.0,50.0,10.0,993.0
151.5,50.0,10.0,993.0
153.0,50.0,10.0,1021.0
154.5,50.0,10.0,1021.0
156.0,50.0,10.0,1033.0
157.5,50.0,10.0,1036.0
159.0,50.0,10.0,1027.0
160.5,50.0,10.0,1050.0
162.0,50.0,10.0,1047.0
163.5,50.0,10.0,1041.0
165.0,50.0,10.0,1036.0
166.5,50.0,10.0,1041.0
168.0,50.0,10.0,1027.0
169.5,50.0,10.0,1030.0
171.0,50.0,10.0,1044.0
172.5,50.0,10.0,1044.0
174.0,50.0,10.0,1038.0
175.5,50.0,10.0,1033.0
177.0,50.0,10.0,1038.0
178.5,50.0,10.0,1036.0
180.0,50.0,10.0,1036.0
0.0,50.0,20.0,232.0
1.5,50.0,20.0,229.0
3.0,50.0,20.0,240.0
4.5,50.0,20.0,246.0
6.0,50.0,20.0,243.0
7.5,50.0,20.0,246.0
9.0,50.0,20.0,246.0
10.5,50.0,20.0,266.0
12.0,50.0,20.0,286.0
13.5,50.0,20.0,291.0
15.0,50.0,20.0,289.0
16.5,50.0,20.0,289.0
18.0,50.0,20.0,291.0
19.5,50.0,20.0,303.0
21.0,50.0,20.0,289.0
22.5,50.0,20.0,291.0
24.0,50.0,20.0,291.0
25.5,50.0,20.0,294.0
27.0,50.0,20.0,300.0
28.5,50.0,20.0,297.0
30.0,50.0,20.0,325.0
31.5,50.0,20.0,320.0
33.0,50.0,20.0,314.0
34.5,50.0,20.0,323.0
36.0,50.0,20.0,328.0
37.5,50.0,20.0,342.0
39.0,50.0,20.0,357.0
40.5,50.0,20.0,348.0
42.0,50.0,20.0,348.0
43.5,50.0,20.0,388.0
45.0,50.0,20.0,376.0
46.5,50.0,20.0,376.0
48.0,50.0,20.0,390.0
49.5,50.0,20.0,405.0
51.0,50.0,20.0,399.0
52.5,50.0,20.0,416.0
54.0,50.0,20.0,405.0
55.5,50.0,20.0,422.0
57.0,50.0,20.0,427.0
58.5,50.0,20.0,430.0
60.0,50.0,20.0,439.0
61.5,50.0,20.0,478.0
63.0,50.0,20.0,467.0
64.5,50.0,20.0,467.0
66.0,50.0,20.0,504.0
67.5,50.0,20.0,498.0
69.0,50.0,20.0,509.0
70.5,50.0,20.0,509.0
72.0,50.0,20.0,535.0
73.5,50.0,20.0,549.0
75.0,50.0,20.0,572.0
76.5,50.0,20.0,572.0
78.0,50.0,20.0,591.0
79.5,50.0,20.0,589.0
81.0,50.0,20.0,614.0
82.5,50.0,20.0,603.0
84.0,50.0,20.0,628.0
85.5,50.0,20.0,637.0
87.0,50.0,20.0,634.0
88.5,50.0,20.0,659.0
90.0,50.0,20.0,676.0
91.5,50.0,20.0,688.0
93.0,50.0,20.0,724.0
94.5,50.0,20.0,736.0
96.0,50.0,20.0,747.0
97.5,50.0,20.0,744.0
99.0,50.0,20.0,764.0
100.5,50.0,20.0,784.0
102.0,50.0,20.0,792.0
103.5,50.0,20.0,815.0
105.0,50.0,20.0,835.0
106.5,50.0,20.0,835.0
108.0,50.0,20.0,849.0
109.5,50.0,20.0,871.0
111.0,50.0,20.0,894.0
112.5,50.0,20.0,934.0
114.0,50.0,20.0,937.0
115.5,50.0,20.0,959.0
117.0,50.0,20.0,979.0
118.5,50.0,20.0,973.0
120.0,50.0,20.0,1002.0
121.5,50.0,20.0,1019.0
123.0,50.0,20.0,1033.0
124.5,50.0,20.0,1055.0
126.0,50.0,20.0,1075.0
127.5,50.0,20.0,1086.0
129.0,50.0,20.0,1095.0
130.5,50.0,20.0,1120.0
132.0,50.0,20.0,1123.0
133.5,50.0,20.0,1149.0
135.0,50.0,20.0,1152.0
136.5,50.0,20.0,1171.0
138.0,50.0,20.0,1186.0
139.5,50.0,20.0,1205.0
141.0,50.0,20.0,1211.0
142.5,50.0,20.0,1236.0
144.0,50.0,20.0,1248.0
145.5,50.0,20.0,1251.0
147.0,50.0,20.0,1285.0
148.5,50.0,20.0,1285.0
150.0,50.0,20.0,1285.0
151.5,50.0,20.0,1290.0
153.0,50.0,20.0,1304.0
154.5,50.0,20.0,1318.0
156.0,50.0,20.0,1327.0
157.5,50.0,20.0,1344.0
159.0,50.0,20.0,1347.0
160.5,50.0,20.0,1355.0
162.0,50.0,20.0,1361.0
163.5,50.0,20.0,1372.0
165.0,50.0,20.0,1375.0
166.5,50.0,20.0,1375.0
168.0,50.0,20.0,1378.0
169.5,50.0,20.0,1381.0
171.0,50.0,20.0,1395.0
172.5,50.0,20.0,1386.0
174.0,50.0,20.0,1389.0
175.5,50.0,20.0,1395.0
177.0,50.0,20.0,1401.0
178.5,50.0,20.0,1389.0
180.0,50.0,20.0,1395.0
0.0,50.0,30.0,170.0
1.5,50.0,30.0,173.0
3.0,50.0,30.0,184.0
4.5,50.0,30.0,175.0
6.0,50.0,30.0,178.0
7.5,50.0,30.0,181.0
9.0,50.0,30.0,207.0
10.5,50.0,30.0,207.0
12.0,50.0,30.0,207.0
13.5,50.0,30.0,204.0
15.0,50.0,30.0,209.0
16.5,50.0,30.0,207.0
18.0,50.0,30.0,207.0
19.5,50.0,30.0,209.0
21.0,50.0,30.0,224.0
22.5,50.0,30.0,221.0
24.0,50.0,30.0,215.0
25.5,50.0,30.0,232.0
27.0,50.0,30.0,232.0
28.5,50.0,30.0,240.0
30.0,50.0,30.0,257.0
31.5,50.0,30.0,255.0
33.0,50.0,30.0,255.0
34.5,50.0,30.0,260.0
36.0,50.0,30.0,274.0
37.5,50.0,30.0,277.0
39.0,50.0,30.0,283.0
40.5,50.0,30.0,291.0
42.0,50.0,30.0,291.0
43.5,50.0,30.0,308.0
45.0,50.0,30.0,303.0
46.5,50.0,30.0,325.0
48.0,50.0,30.0,323.0
49.5,50.0,30.0,337.0
51.0,50.0,30.0,331.0
52.5,50.0,30.0,354.0
54.0,50.0,30.0,357.0
55.5,50.0,30.0,362.0
57.0,50.0,30.0,382.0
58.5,50.0,30.0,376.0
60.0,50.0,30.0,396.0
61.5,50.0,30.0,390.0
63.0,50.0,30.0,413.0
64.5,50.0,30.0,427.0
66.0,50.0,30.0,439.0
67.5,50.0,30.0,441.0
69.0,50.0,30.0,458.0
70.5,50.0,30.0,458.0
72.0,50.0,30.0,498.0
73.5,50.0,30.0,487.0
75.0,50.0,30.0,509.0
76.5,50.0,30.0,523.0
78.0,50.0,30.0,540.0
79.5,50.0,30.0,535.0
81.0,50.0,30.0,569.0
82.5,50.0,30.0,566.0
84.0,50.0,30.0,600.0
85.5,50.0,30.0,600.0
87.0,50.0,30.0,625.0
88.5,50.0,30.0,642.0
90.0,50.0,30.0,639.0
91.5,50.0,30.0,665.0
93.0,50.0,30.0,685.0
94.5,50.0,30.0,690.0
96.0,50.0,30.0,719.0
97.5,50.0,30.0,736.0
99.0,50.0,30.0,761.0
100.5,50.0,30.0,767.0
102.0,50.0,30.0,792.0
103.5,50.0,30.0,818.0
105.0,50.0,30.0,843.0
106.5,50.0,30.0,852.0
108.0,50.0,30.0,877.0
109.5,50.0,30.0,894.0
111.0,50.0,30.0,905.0
112.5,50.0,30.0,928.0
114.0,50.0,30.0,956.0
115.5,50.0,30.0,979.0
117.0,50.0,30.0,1002.0
118.5,50.0,30.0,1016.0
120.0,50.0,30.0,1047.0
121.5,50.0,30.0,1061.0
123.0,50.0,30.0,1089.0
124.5,50.0,30.0,1120.0
126.0,50.0,30.0,1149.0
127.5,50.0,30.0,1174.0
129.0,50.0,30.0,1180.0
130.5,50.0,30.0,1217.0
132.0,50.0,30.0,1236.0
133.5,50.0,30.0,1253.0
135.0,50.0,30.0,1276.0
136.5,50.0,30.0,1290.0
138.0,50.0,30.0,1324.0
139.5,50.0,30.0,1338.0
141.0,50.0,30.0,1364.0
142.5,50.0,30.0,1375.0
0.0,50.0,40.0,170.0
1.5,50.0,40.0,170.0
3.0,50.0,40.0,173.0
4.5,50.0,40.0,181.0
6.0,50.0,40.0,190.0
7.5,50.0,40.0,204.0
9.0,50.0,40.0,201.0
10.5,50.0,40.0,192.0
12.0,50.0,40.0,192.0
13.5,50.0,40.0,204.0
15.0,50.0,40.0,204.0
16.5,50.0,40.0,215.0
18.0,50.0,40.0,207.0
19.5,50.0,40.0,215.0
21.0,50.0,40.0,218.0
22.5,50.0,40.0,224.0
24.0,50.0,40.0,235.0
25.5,50.0,40.0,240.0
27.0,50.0,40.0,246.0
28.5,50.0,40.0,243.0
30.0,50.0,40.0,260.0
31.5,50.0,40.0,257.0
33.0,50.0,40.0,260.0
34.5,50.0,40.0,277.0
36.0,50.0,40.0,272.0
37.5,50.0,40.0,274.0
39.0,50.0,40.0,289.0
40.5,50.0,40.0,306.0
42.0,50.0,40.0,317.0
43.5,50.0,40.0,308.0
45.0,50.0,40.0,317.0
46.5,50.0,40.0,311.0
48.0,50.0,40.0,328.0
49.5,50.0,40.0,328.0
51.0,50.0,40.0,348.0
52.5,50.0,40.0,342.0
54.0,50.0,40.0,354.0
55.5,50.0,40.0,368.0
57.0,50.0,40.0,390.0
58.5,50.0,40.0,379.0
60.0,50.0,40.0,393.0
61.5,50.0,40.0,388.0
63.0,50.0,40.0,407.0
64.5,50.0,40.0,430.0
66.0,50.0,40.0,424.0
67.5,50.0,40.0,441.0
69.0,50.0,40.0,430.0
70.5,50.0,40.0,456.0
72.0,50.0,40.0,467.0
73.5,50.0,40.0,467.0
75.0,50.0,40.0,489.0
76.5,50.0,40.0,487.0
78.0,50.0,40.0,506.0
79.5,50.0,40.0,521.0
81.0,50.0,40.0,529.0
82.5,50.0,40.0,546.0
84.0,50.0,40.0,569.0
85.5,50.0,40.0,577.0
87.0,50.0,40.0,583.0
88.5,50.0,40.0,603.0
90.0,50.0,40.0,611.0
91.5,50.0,40.0,634.0
93.0,50.0,40.0,645.0
94.5,50.0,40.0,676.0
96.0,50.0,40.0,673.0
97.5,50.0,40.0,693.0
99.0,50.0,40.0,710.0
100.5,50.0,40.0,730.0
102.0,50.0,40.0,753.0
103.5,50.0,40.0,767.0
105.0,50.0,40.0,798.0
106.5,50.0,40.0,818.0
108.0,50.0,40.0,846.0
109.5,50.0,40.0,854.0
111.0,50.0,40.0,871.0
112.5,50.0,40.0,903.0
114.0,50.0,40.0,925.0
115.5,50.0,40.0,953.0
117.0,50.0,40.0,979.0
118.5,50.0,40.0,996.0
120.0,50.0,40.0,1021.0
121.5,50.0,40.0,1044.0
123.0,50.0,40.0,1072.0
124.5,50.0,40.0,1101.0
126.0,50.0,40.0,1123.0
127.5,50.0,40.0,1146.0
129.0,50.0,40.0,1166.0
130.5,50.0,40.0,1200.0
132.0,50.0,40.0,1222.0
133.5,50.0,40.0,1242.0
135.0,50.0,40.0,1270.0
136.5,50.0,40.0,1290.0
138.0,50.0,40.0,1313.0
0.0,50.0,50.0,221.0
1.5,50.0,50.0,221.0
3.0,50.0,50.0,229.0
4.5,50.0,50.0,252.0
6.0,50.0,50.0,260.0
7.5,50.0,50.0,255.0
9.0,50.0,50.0,255.0
10.5,50.0,50.0,266.0
12.0,50.0,50.0,266.0
13.5,50.0,50.0,277.0
15.0,50.0,50.0,277.0
16.5,50.0,50.0,294.0
18.0,50.0,50.0,300.0
19.5,50.0,50.0,300.0
21.0,50.0,50.0,306.0
22.5,50.0,50.0,308.0
24.0,50.0,50.0,311.0
25.5,50.0,50.0,311.0
27.0,50.0,50.0,314.0
28.5,50.0,50.0,331.0
30.0,50.0,50.0,334.0
31.5,50.0,50.0,345.0
33.0,50.0,50.0,351.0
34.5,50.0,50.0,354.0
36.0,50.0,50.0,368.0
37.5,50.0,50.0,348.0
39.0,50.0,50.0,368.0
40.5,50.0,50.0,365.0
42.0,50.0,50.0,373.0
43.5,50.0,50.0,376.0
45.0,50.0,50.0,393.0
46.5,50.0,50.0,376.0
48.0,50.0,50.0,385.0
49.5,50.0,50.0,388.0
51.0,50.0,50.0,393.0
52.5,50.0,50.0,416.0
54.0,50.0,50.0,422.0
55.5,50.0,50.0,422.0
57.0,50.0,50.0,416.0
58.5,50.0,50.0,424.0
60.0,50.0,50.0,441.0
61.5,50.0,50.0,447.0
63.0,50.0,50.0,444.0
64.5,50.0,50.0,458.0
66.0,50.0,50.0,458.0
67.5,50.0,50.0,467.0
69.0,50.0,50.0,458.0
70.5,50.0,50.0,475.0
72.0,50.0,50.0,492.0
73.5,50.0,50.0,498.0
75.0,50.0,50.0,501.0
76.5,50.0,50.0,526.0
78.0,50.0,50.0,523.0
79.5,50.0,50.0,523.0
81.0,50.0,50.0,532.0
82.5,50.0,50.0,546.0
84.0,50.0,50.0,560.0
85.5,50.0,50.0,569.0
87.0,50.0,50.0,577.0
88.5,50.0,50.0,597.0
90.0,50.0,50.0,608.0
91.5,50.0,50.0,617.0
93.0,50.0,50.0,631.0
94.5,50.0,50.0,639.0
96.0,50.0,50.0,673.0
97.5,50.0,50.0,682.0
99.0,50.0,50.0,690.0
100.5,50.0,50.0,702.0
102.0,50.0,50.0,721.0
103.5,50.0,50.0,741.0
105.0,50.0,50.0,755.0
106.5,50.0,50.0,787.0
108.0,50.0,50.0,804.0
109.5,50.0,50.0,818.0
111.0,50.0,50.0,832.0
112.5,50.0,50.0,843.0
114.0,50.0,50.0,871.0
115.5,50.0,50.0,888.0
117.0,50.0,50.0,908.0
118.5,50.0,50.0,931.0
120.0,50.0,50.0,956.0
121.5,50.0,50.0,976.0
123.0,50.0,50.0,985.0
124.5,50.0,50.0,1010.0
126.0,50.0,50.0,1036.0
127.5,50.0,50.0,1047.0
129.0,50.0,50.0,1075.0
130.5,50.0,50.0,1098.0
132.0,50.0,50.0,1115.0
133.5,50.0,50.0,1140.0
135.0,50.0,50.0,1160.0
136.5,50.0,50.0,1183.0
138.0,50.0,50.0,1197.0
139.5,50.0,50.0,1214.0
0.0,50.0,60.0,323.0
1.5,50.0,60.0,328.0
3.0,50.0,60.0,357.0
4.5,50.0,60.0,354.0
6.0,50.0,60.0,365.0
7.5,50.0,60.0,376.0
9.0,50.0,60.0,388.0
10.5,50.0,60.0,407.0
12.0,50.0,60.0,419.0
13.5,50.0,60.0,427.0
15.0,50.0,60.0,430.0
16.5,50.0,60.0,441.0
18.0,50.0,60.0,439.0
19.5,50.0,60.0,444.0
21.0,50.0,60.0,450.0
22.5,50.0,60.0,467.0
24.0,50.0,60.0,478.0
25.5,50.0,60.0,475.0
27.0,50.0,60.0,475.0
28.5,50.0,60.0,478.0
30.0,50.0,60.0,484.0
31.5,50.0,60.0,487.0
33.0,50.0,60.0,495.0
34.5,50.0,60.0,501.0
36.0,50.0,60.0,492.0
37.5,50.0,60.0,506.0
39.0,50.0,60.0,501.0
40.5,50.0,60.0,509.0
42.0,50.0,60.0,504.0
43.5,50.0,60.0,512.0
45.0,50.0,60.0,501.0
46.5,50.0,60.0,501.0
48.0,50.0,60.0,523.0
49.5,50.0,60.0,521.0
51.0,50.0,60.0,535.0
52.5,50.0,60.0,526.0
54.0,50.0,60.0,529.0
55.5,50.0,60.0,532.0
57.0,50.0,60.0,538.0
58.5,50.0,60.0,529.0
60.0,50.0,60.0,532.0
61.5,50.0,60.0,543.0
63.0,50.0,60.0,549.0
64.5,50.0,60.0,538.0
66.0,50.0,60.0,552.0
67.5,50.0,60.0,552.0
69.0,50.0,60.0,555.0
70.5,50.0,60.0,560.0
72.0,50.0,60.0,566.0
73.5,50.0,60.0,574.0
75.0,50.0,60.0,572.0
76.5,50.0,60.0,583.0
78.0,50.0,60.0,589.0
79.5,50.0,60.0,589.0
81.0,50.0,60.0,600.0
82.5,50.0,60.0,605.0
84.0,50.0,60.0,614.0
85.5,50.0,60.0,614.0
87.0,50.0,60.0,614.0
88.5,50.0,60.0,622.0
90.0,50.0,60.0,631.0
91.5,50.0,60.0,642.0
93.0,50.0,60.0,662.0
94.5,50.0,60.0,659.0
96.0,50.0,60.0,668.0
97.5,50.0,60.0,665.0
99.0,50.0,60.0,673.0
100.5,50.0,60.0,682.0
102.0,50.0,60.0,688.0
103.5,50.0,60.0,710.0
105.0,50.0,60.0,727.0
106.5,50.0,60.0,741.0
108.0,50.0,60.0,753.0
109.5,50.0,60.0,758.0
111.0,50.0,60.0,770.0
112.5,50.0,60.0,772.0
114.0,50.0,60.0,781.0
115.5,50.0,60.0,798.0
117.0,50.0,60.0,815.0
118.5,50.0,60.0,823.0
120.0,50.0,60.0,840.0
121.5,50.0,60.0,849.0
123.0,50.0,60.0,866.0
124.5,50.0,60.0,877.0
126.0,50.0,60.0,894.0
127.5,50.0,60.0,911.0
129.0,50.0,60.0,922.0
130.5,50.0,60.0,928.0
132.0,50.0,60.0,942.0
133.5,50.0,60.0,956.0
135.0,50.0,60.0,968.0
136.5,50.0,60.0,982.0
138.0,50.0,60.0,1002.0
139.5,50.0,60.0,1019.0
141.0,50.0,60.0,1027.0
142.5,50.0,60.0,1036.0
144.0,50.0,60.0,1050.0
0.0,50.0,70.0,512.0
1.5,50.0,70.0,529.0
3.0,50.0,70.0,532.0
4.5,50.0,70.0,546.0
6.0,50.0,70.0,560.0
7.5,50.0,70.0,572.0
9.0,50.0,70.0,583.0
10.5,50.0,70.0,583.0
12.0,50.0,70.0,594.0
13.5,50.0,70.0,597.0
15.0,50.0,70.0,605.0
16.5,50.0,70.0,608.0
18.0,50.0,70.0,605.0
19.5,50.0,70.0,611.0
21.0,50.0,70.0,608.0
22.5,50.0,70.0,611.0
24.0,50.0,70.0,614.0
25.5,50.0,70.0,611.0
27.0,50.0,70.0,614.0
28.5,50.0,70.0,614.0
30.0,50.0,70.0,614.0
31.5,50.0,70.0,617.0
33.0,50.0,70.0,617.0
34.5,50.0,70.0,622.0
36.0,50.0,70.0,622.0
37.5,50.0,70.0,628.0
39.0,50.0,70.0,617.0
40.5,50.0,70.0,608.0
42.0,50.0,70.0,622.0
43.5,50.0,70.0,620.0
45.0,50.0,70.0,611.0
46.5,50.0,70.0,608.0
48.0,50.0,70.0,608.0
49.5,50.0,70.0,608.0
51.0,50.0,70.0,620.0
52.5,50.0,70.0,617.0
54.0,50.0,70.0,614.0
55.5,50.0,70.0,603.0
57.0,50.0,70.0,605.0
58.5,50.0,70.0,603.0
60.0,50.0,70.0,608.0
61.5,50.0,70.0,608.0
63.0,50.0,70.0,605.0
64.5,50.0,70.0,603.0
66.0,50.0,70.0,603.0
67.5,50.0,70.0,603.0
69.0,50.0,70.0,603.0
70.5,50.0,70.0,603.0
72.0,50.0,70.0,600.0
73.5,50.0,70.0,600.0
75.0,50.0,70.0,605.0
76.5,50.0,70.0,600.0
78.0,50.0,70.0,600.0
79.5,50.0,70.0,605.0
81.0,50.0,70.0,614.0
82.5,50.0,70.0,614.0
84.0,50.0,70.0,614.0
85.5,50.0,70.0,617.0
87.0,50.0,70.0,614.0
88.5,50.0,70.0,614.0
90.0,50.0,70.0,617.0
91.5,50.0,70.0,620.0
93.0,50.0,70.0,622.0
94.5,50.0,70.0,628.0
96.0,50.0,70.0,634.0
97.5,50.0,70.0,631.0
99.0,50.0,70.0,645.0
100.5,50.0,70.0,642.0
102.0,50.0,70.0,654.0
103.5,50.0,70.0,654.0
105.0,50.0,70.0,656.0
106.5,50.0,70.0,662.0
108.0,50.0,70.0,668.0
109.5,50.0,70.0,673.0
111.0,50.0,70.0,676.0
112.5,50.0,70.0,685.0
114.0,50.0,70.0,682.0
115.5,50.0,70.0,693.0
117.0,50.0,70.0,693.0
118.5,50.0,70.0,702.0
120.0,50.0,70.0,705.0
121.5,50.0,70.0,707.0
123.0,50.0,70.0,710.0
124.5,50.0,70.0,716.0
126.0,50.0,70.0,719.0
127.5,50.0,70.0,721.0
129.0,50.0,70.0,727.0
130.5,50.0,70.0,736.0
132.0,50.0,70.0,736.0
133.5,50.0,70.0,738.0
135.0,50.0,70.0,750.0
136.5,50.0,70.0,750.0
138.0,50.0,70.0,755.0
139.5,50.0,70.0,758.0
141.0,50.0,70.0,764.0
142.5,50.0,70.0,770.0
144.0,50.0,70.0,784.0
145.5,50.0,70.0,781.0
147.0,50.0,70.0,789.0
148.5,50.0,70.0,789.0
150.0,50.0,70.0,798.0
151.5,50.0,70.0,806.0
153.0,50.0,70.0,809.0
0.0,50.0,82.5,552.0
1.5,50.0,82.5,540.0
3.0,50.0,82.5,518.0
4.5,50.0,82.5,484.0
6.0,50.0,82.5,467.0
7.5,50.0,82.5,464.0
9.0,50.0,82.5,456.0
10.5,50.0,82.5,439.0
12.0,50.0,82.5,436.0
13.5,50.0,82.5,433.0
15.0,50.0,82.5,430.0
16.5,50.0,82.5,424.0
18.0,50.0,82.5,422.0
19.5,50.0,82.5,419.0
21.0,50.0,82.5,410.0
22.5,50.0,82.5,413.0
24.0,50.0,82.5,396.0
25.5,50.0,82.5,399.0
27.0,50.0,82.5,390.0
28.5,50.0,82.5,385.0
30.0,50.0,82.5,385.0
31.5,50.0,82.5,376.0
33.0,50.0,82.5,379.0
34.5,50.0,82.5,373.0
36.0,50.0,82.5,373.0
37.5,50.0,82.5,368.0
39.0,50.0,82.5,357.0
40.5,50.0,82.5,359.0
42.0,50.0,82.5,357.0
43.5,50.0,82.5,359.0
45.0,50.0,82.5,354.0
46.5,50.0,82.5,357.0
48.0,50.0,82.5,348.0
49.5,50.0,82.5,354.0
51.0,50.0,82.5,345.0
52.5,50.0,82.5,345.0
54.0,50.0,82.5,351.0
55.5,50.0,82.5,331.0
57.0,50.0,82.5,337.0
58.5,50.0,82.5,340.0
60.0,50.0,82.5,340.0
61.5,50.0,82.5,340.0
63.0,50.0,82.5,323.0
64.5,50.0,82.5,320.0
66.0,50.0,82.5,325.0
67.5,50.0,82.5,325.0
69.0,50.0,82.5,328.0
70.5,50.0,82.5,328.0
72.0,50.0,82.5,328.0
73.5,50.0,82.5,334.0
75.0,50.0,82.5,314.0
76.5,50.0,82.5,311.0
78.0,50.0,82.5,317.0
79.5,50.0,82.5,314.0
81.0,50.0,82.5,311.0
82.5,50.0,82.5,314.0
84.0,50.0,82.5,314.0
85.5,50.0,82.5,314.0
87.0,50.0,82.5,314.0
88.5,50.0,82.5,317.0
90.0,50.0,82.5,317.0
91.5,50.0,82.5,314.0
93.0,50.0,82.5,314.0
94.5,50.0,82.5,317.0
96.0,50.0,82.5,314.0
97.5,50.0,82.5,317.0
99.0,50.0,82.5,320.0
100.5,50.0,82.5,314.0
102.0,50.0,82.5,314.0
103.5,50.0,82.5,317.0
105.0,50.0,82.5,320.0
106.5,50.0,82.5,314.0
108.0,50.0,82.5,311.0
109.5,50.0,82.5,314.0
111.0,50.0,82.5,311.0
112.5,50.0,82.5,314.0
114.0,50.0,82.5,311.0
115.5,50.0,82.5,311.0
117.0,50.0,82.5,311.0
118.5,50.0,82.5,308.0
120.0,50.0,82.5,308.0
121.5,50.0,82.5,308.0
123.0,50.0,82.5,320.0
124.5,50.0,82.5,325.0
126.0,50.0,82.5,320.0
127.5,50.0,82.5,317.0
129.0,50.0,82.5,320.0
130.5,50.0,82.5,320.0
132.0,50.0,82.5,320.0
133.5,50.0,82.5,317.0
135.0,50.0,82.5,317.0
136.5,50.0,82.5,328.0
138.0,50.0,82.5,328.0
139.5,50.0,82.5,331.0
141.0,50.0,82.5,325.0
142.5,50.0,82.5,331.0
144.0,50.0,82.5,334.0
145.5,50.0,82.5,337.0
147.0,50.0,82.5,334.0
148.5,50.0,82.5,340.0
150.0,50.0,82.5,334.0
151.5,50.0,82.5,354.0
153.0,50.0,82.5,351.0
154.5,50.0,82.5,357.0
156.0,50.0,82.5,359.0
157.5,50.0,82.5,354.0
159.0,50.0,82.5,359.0
160.5,50.0,82.5,368.0
162.0,50.0,82.5,373.0
163.5,50.0,82.5,373.0
165.0,50.0,82.5,379.0
166.5,50.0,82.5,379.0
168.0,50.0,82.5,382.0
169.5,50.0,82.5,390.0
171.0,50.0,82.5,393.0
172.5,50.0,82.5,396.0
174.0,50.0,82.5,405.0
175.5,50.0,82.5,413.0
177.0,50.0,82.5,427.0
178.5,50.0,82.5,439.0
180.0,50.0,82.5,453.0
0.0,60.0,0.0,215.0
0.0,60.0,10.0,110.0
1.5,60.0,10.0,110.0
3.0,60.0,10.0,105.0
4.5,60.0,10.0,108.0
6.0,60.0,10.0,105.0
7.5,60.0,10.0,105.0
9.0,60.0,10.0,105.0
10.5,60.0,10.0,105.0
12.0,60.0,10.0,108.0
13.5,60.0,10.0,108.0
15.0,60.0,10.0,110.0
16.5,60.0,10.0,105.0
18.0,60.0,10.0,110.0
19.5,60.0,10.0,110.0
21.0,60.0,10.0,108.0
22.5,60.0,10.0,122.0
24.0,60.0,10.0,119.0
25.5,60.0,10.0,130.0
27.0,60.0,10.0,127.0
28.5,60.0,10.0,122.0
30.0,60.0,10.0,150.0
31.5,60.0,10.0,141.0
33.0,60.0,10.0,147.0
34.5,60.0,10.0,144.0
36.0,60.0,10.0,136.0
37.5,60.0,10.0,136.0
39.0,60.0,10.0,141.0
40.5,60.0,10.0,130.0
42.0,60.0,10.0,153.0
43.5,60.0,10.0,147.0
45.0,60.0,10.0,141.0
46.5,60.0,10.0,147.0
48.0,60.0,10.0,150.0
49.5,60.0,10.0,139.0
51.0,60.0,10.0,150.0
52.5,60.0,10.0,164.0
54.0,60.0,10.0,161.0
55.5,60.0,10.0,158.0
57.0,60.0,10.0,164.0
58.5,60.0,10.0,158.0
60.0,60.0,10.0,161.0
61.5,60.0,10.0,190.0
63.0,60.0,10.0,190.0
64.5,60.0,10.0,181.0
66.0,60.0,10.0,187.0
67.5,60.0,10.0,187.0
69.0,60.0,10.0,204.0
70.5,60.0,10.0,201.0
72.0,60.0,10.0,209.0
73.5,60.0,10.0,204.0
75.0,60.0,10.0,212.0
76.5,60.0,10.0,215.0
78.0,60.0,10.0,235.0
79.5,60.0,10.0,226.0
81.0,60.0,10.0,243.0
82.5,60.0,10.0,238.0
84.0,60.0,10.0,229.0
85.5,60.0,10.0,232.0
87.0,60.0,10.0,257.0
88.5,60.0,10.0,252.0
90.0,60.0,10.0,266.0
91.5,60.0,10.0,260.0
93.0,60.0,10.0,260.0
94.5,60.0,10.0,263.0
96.0,60.0,10.0,277.0
97.5,60.0,10.0,277.0
99.0,60.0,10.0,286.0
100.5,60.0,10.0,286.0
102.0,60.0,10.0,294.0
103.5,60.0,10.0,286.0
105.0,60.0,10.0,0.0
