110.48399999999998,72.07199999999982,0.0,0.0,0.0,0.0,0.0,0.0,0.0,0.0,0.0,0.0,0.0,0.0,0.0,0.0,0.0,0.0,0.0,0.0,0.0,0.0,0.0,0.0,0.0,0.0,0.0,0.0,0.0,0.0,0.0,0.0,0.0,0.0,0.0,72.07199999999982,110.48399999999998
110.48399999999998,72.08157997432258,0.0,0.0,0.0,0.0,0.0,0.0,0.0,0.0,0.0,0.0,0.0,0.0,0.0,0.0,0.0,0.0,0.0,0.0,0.0,0.0,0.0,0.0,0.0,0.0,0.0,0.0,0.0,0.0,0.0,0.0,0.0,0.0,0.0,72.08157997432258,110.48399999999998
110.48399999999998,72.33927004030848,0.0,0.0,0.0,0.0,0.0,0.0,0.0,0.0,0.0,0.0,0.0,0.0,0.0,0.0,0.0,0.0,0.0,0.0,0.0,0.0,0.0,0.0,0.0,0.0,0.0,0.0,0.0,0.0,0.0,0.0,0.0,0.0,0.0,72.33927004030846,110.48399999999998
110.48399999999998,72.83225446763949,0.0,0.0,0.0,0.0,0.0,0.0,0.0,0.0,0.0,0.0,0.0,0.0,0.0,0.0,0.0,0.0,0.0,0.0,0.0,0.0,0.0,0.0,0.0,0.0,0.0,0.0,0.0,0.0,0.0,0.0,0.0,0.0,0.0,72.83225446763947,110.48399999999998
110.48399999999998,73.54656669695956,0.0,0.0,0.0,0.0,0.0,0.0,0.0,0.0,0.0,0.0,0.0,0.0,0.0,0.0,0.0,0.0,0.0,0.0,0.0,0.0,0.0,0.0,0.0,0.0,0.0,0.0,0.0,0.0,0.0,0.0,0.0,0.0,0.0,73.54656669695959,110.48399999999998
110.48399999999998,74.46751401462781,0.0,0.0,0.0,0.0,0.0,0.0,0.0,0.0,0.0,0.0,0.0,0.0,0.0,0.0,0.0,0.0,0.0,0.0,0.0,0.0,0.0,0.0,0.0,0.0,0.0,0.0,0.0,0.0,0.0,0.0,0.0,0.0,0.0,74.46751401462782,110.48399999999998
110.48399999999998,75.58007744654539,53.788623780119195,0.0,0.0,0.0,0.0,0.0,0.0,0.0,0.0,0.0,0.0,0.0,0.0,0.0,0.0,0.0,0.0,0.0,0.0,0.0,0.0,0.0,0.0,0.0,0.0,0.0,0.0,0.0,0.0,0.0,0.0,0.0,53.788623780119195,75.58007744654539,110.48399999999998
110.48399999999998,76.86927443203068,55.782256891895564,0.0,0.0,0.0,0.0,0.0,0.0,0.0,0.0,0.0,0.0,0.0,0.0,0.0,0.0,0.0,0.0,0.0,0.0,0.0,0.0,0.0,0.0,0.0,0.0,0.0,0.0,0.0,0.0,0.0,0.0,0.0,55.782256891895564,76.86927443203066,110.48399999999998
110.48399999999998,78.53341791916478,58.07900468962271,0.0,0.0,0.0,0.0,0.0,0.0,0.0,0.0,0.0,0.0,0.0,0.0,0.0,0.0,0.0,0.0,0.0,0.0,0.0,0.0,0.0,0.0,0.0,0.0,0.0,0.0,0.0,0.0,0.0,0.0,0.0,58.07900468962271,78.53341791916478,110.48399999999998
110.48399999999998,80.48827680263128,60.634179885369406,0.0,0.0,0.0,0.0,0.0,0.0,0.0,0.0,0.0,0.0,0.0,0.0,0.0,0.0,0.0,0.0,0.0,0.0,0.0,0.0,0.0,0.0,0.0,0.0,0.0,0.0,0.0,0.0,0.0,0.0,0.0,60.634179885369406,80.48827680263129,110.48399999999998
110.48399999999998,82.5989116453124,63.556316944092885,0.0,0.0,0.0,0.0,0.0,0.0,0.0,0.0,0.0,0.0,0.0,0.0,0.0,0.0,0.0,0.0,0.0,0.0,0.0,0.0,0.0,0.0,0.0,0.0,0.0,0.0,0.0,0.0,0.0,0.0,0.0,63.556316944092885,82.59891164531241,110.48399999999998
110.48399999999998,84.74388488581822,66.64801703487727,51.95532070402745,0.0,0.0,0.0,0.0,0.0,0.0,0.0,0.0,0.0,0.0,0.0,0.0,0.0,0.0,0.0,0.0,0.0,0.0,0.0,0.0,0.0,0.0,0.0,0.0,0.0,0.0,0.0,0.0,0.0,51.955320704027415,66.64801703487727,84.74388488581822,110.48399999999998
110.48399999999998,86.8315887869464,69.81510234706994,55.123406947059856,0.0,0.0,0.0,0.0,0.0,0.0,0.0,0.0,0.0,0.0,0.0,0.0,0.0,0.0,0.0,0.0,0.0,0.0,0.0,0.0,0.0,0.0,0.0,0.0,0.0,0.0,0.0,0.0,0.0,55.12340694705989,69.81510234706994,86.83158878694638,110.48399999999998
110.48399999999998,89.0197503444143,73.38288286199911,58.68775404817548,45.87895862475634,0.0,0.0,0.0,0.0,0.0,0.0,0.0,0.0,0.0,0.0,0.0,0.0,0.0,0.0,0.0,0.0,0.0,0.0,0.0,0.0,0.0,0.0,0.0,0.0,0.0,0.0,0.0,45.87895862475634,58.687754048175385,73.38288286199912,89.0197503444143,110.48399999999998
110.48399999999998,91.31692319600724,77.49690356513251,62.42139000506558,49.649388570135166,40.11654567350008,0.0,0.0,0.0,0.0,0.0,0.0,0.0,0.0,0.0,0.0,0.0,0.0,0.0,0.0,0.0,0.0,0.0,0.0,0.0,0.0,0.0,0.0,0.0,0.0,0.0,40.11654567350014,49.64938857013521,62.42139000506553,77.49690356513254,91.31692319600718,110.48399999999998
110.48399999999998,93.7086260427619,81.50081821659747,66.70422908444168,54.027915497791454,44.4595759933291,36.355132285633864,29.74616123969638,0.0,0.0,0.0,0.0,0.0,0.0,0.0,0.0,0.0,0.0,0.0,0.0,0.0,0.0,0.0,0.0,0.0,0.0,0.0,0.0,0.0,29.74616123969633,36.35513228563389,44.4595759933291,54.027915497791504,66.70422908444174,81.50081821659751,93.70862604276185,110.48399999999998
110.48399999999998,96.30889552373574,85.28373258098357,71.3547226267617,58.85407587347634,49.35319707730347,40.98222583166573,34.37227078238179,28.25775382563188,23.570099926583637,19.332655578576286,15.576505570673284,12.054138575792306,0.0,0.0,0.0,0.0,0.0,0.0,0.0,0.0,0.0,0.0,0.0,12.054138575792306,15.576505570673298,19.332655578576308,23.570099926583616,28.257753825631912,34.37227078238173,40.982225831665765,49.35319707730339,58.85407587347618,71.35472262676188,85.28373258098361,96.30889552373579,110.48399999999998
110.48399999999998,99.2693068961859,89.3598273030661,75.69866271117661,62.91282578243749,54.18516163152847,45.88461039869137,39.39308828981475,33.037648094753465,28.44602131930268,23.932090799336986,19.36346833283026,15.019043912808076,10.811775324119358,6.716185463905107,5.74500750189509,4.796525511961534,3.8437753263403773,2.904,3.8437753263403773,4.796525511961534,5.745007501895096,6.716185463905131,10.811775324119383,15.0190439128081,19.36346833283026,23.932090799337008,28.4460213193027,33.037648094753465,39.39308828981471,45.88461039869137,54.18516163152838,62.91282578243737,75.69866271117667,89.35982730306604,99.26930689618585,110.48399999999998
110.48399999999998,102.29999999999995,94.116,80.71799999999992,67.32,59.06999999999999,50.82,44.616,38.412,34.385999999999996,30.36000000000002,24.782999999999998,19.205999999999964,13.628999999999966,8.051999999999992,6.864,5.675999999999999,4.4879999999999995,3.3,4.4879999999999995,5.675999999999999,6.864,8.052,13.629,19.205999999999936,24.782999999999998,30.359999999999996,34.385999999999996,38.412,44.616,50.81999999999993,59.06999999999999,67.32,80.718,94.11600000000008,102.3,110.48399999999998
110.48399999999998,105.92565714633486,99.229365323914,86.83863589388442,72.95575691040482,65.47565211013202,58.1701645973327,52.180341612309135,46.41450237388621,44.537914205050605,42.84193161004739,36.259168554573854,28.95324105101032,20.83146792456819,12.040052287789782,10.31833877418025,8.599853349134268,6.802371565005953,4.949999999999999,6.802371565005953,8.599853349134268,10.31833877418026,12.040052287789837,20.83146792456824,28.95324105101037,36.259168554573854,42.8419316100474,44.537914205050626,46.41450237388621,52.1803416123091,58.1701645973327,65.4756521101319,72.95575691040465,86.8386358938845,99.22936532391394,105.9256571463348,110.48399999999998
110.48399999999998,109.60990187999894,104.80171541787526,93.79542831422967,80.45526308519517,76.87435372791703,76.44442167463798,76.92978826077214,75.30366518112987,76.40195838532266,78.34768628711772,78.4782523636901,78.05382351601197,61.55998008623365,29.684598946492304,22.930090424123353,17.821148871618735,12.317615124066618,6.6,12.317615124066554,17.821148871618735,22.930090424123353,29.68459894649231,61.55998008623384,78.05382351601199,78.4782523636902,78.34768628711775,76.40195838532262,75.30366518112993,76.92978826077203,76.44442167463802,76.87435372791694,80.45526308519483,93.79542831422998,104.80171541787533,109.60990187999899,110.48399999999998
110.48399999999998,113.354253466334,111.29923495069752,103.77998296779762,98.82623415449325,106.94345561302357,112.66524020660482,116.71003859897893,136.29653446759949,277.17486325940183,437.6718186265665,402.33449126855413,301.2456956690209,183.63855885577837,60.87556884014497,39.34215050586109,31.899160065844324,23.717223575174682,14.85,23.717223575174778,31.899160065844324,39.342150505861134,60.87556884014427,183.63855885577766,301.2456956690196,402.3344912685548,437.6718186265662,277.17486325940183,136.29653446759957,116.71003859897878,112.66524020660489,106.94345561302357,98.82623415449342,103.77998296779774,111.2992349506976,113.35425346633393,110.48399999999998
110.48399999999998,117.14213363530129,119.15192108706174,128.42713830135528,136.08311984113274,145.70774255338858,160.5635167939498,302.1357606417715,539.2830531079259,617.0057839178249,576.1015163554152,476.02770419721287,354.8533595774765,235.2021867960034,114.67936063624951,87.61801692352786,85.60883183192033,80.87903556325253,73.91999999999999,80.87903556325261,85.60883183192041,87.61801692352782,114.67936063625025,235.20218679600342,354.85335957747657,476.0277041972135,576.1015163554157,617.0057839178247,539.2830531079259,302.13576064177124,160.5635167939498,145.70774255338878,136.083119841133,128.42713830135511,119.15192108706181,117.14213363530115,110.48399999999998
110.48399999999998,120.92915742510169,131.35919586991653,169.10902721178826,184.49074651392917,199.80444958971526,403.2234112625804,685.132093160248,712.0993191617339,662.3409118692263,606.5485970191447,529.3992695288174,414.50535010949756,329.7654396651445,273.2666904258973,256.2274871884073,237.5255942415051,200.45123085840825,151.536,200.45123085840825,237.5255942415051,256.2274871884073,273.2666904258973,329.76543966514515,414.50535010949636,529.3992695288181,606.5485970191447,662.3409118692266,712.0993191617339,685.1320931602484,403.2234112625804,199.80444958971532,184.49074651392917,169.10902721178826,131.35919586991662,120.92915742510169,110.48399999999998
110.48399999999998,124.63027180620436,153.27392627576512,220.28716299723496,248.45213713665385,353.0214868286464,728.5833689000514,779.9419644185493,736.2493799093082,686.7825445990948,634.6521306638529,619.3205099704034,577.3028874193229,565.4129572145338,579.7623002343239,578.5438959740052,575.9135463805183,582.1996439384046,583.44,582.1996439384046,575.913546380518,578.5438959740053,579.7623002343237,565.412957214534,577.3028874193234,619.3205099704039,634.6521306638532,686.7825445990954,736.2493799093082,779.9419644185493,728.5833689000514,353.0214868286469,248.4521371366532,220.28716299723527,153.2739262757652,124.63027180620429,110.48399999999998
110.48399999999998,128.28421897282382,190.1591071501221,283.64843207303966,334.6145710471575,664.7121428525506,847.7200277040573,817.4720205498089,769.640587462823,713.7492359580167,698.5949714229876,688.8597303472626,676.9681887939356,666.6374529971877,654.0740308812561,648.6253471574448,661.3327141151854,669.7481810711873,675.972,669.7481810711873,661.3327141151854,648.6253471574448,654.0740308812562,666.6374529971879,676.9681887939356,688.8597303472626,698.5949714229876,713.749235958017,769.6405874628226,817.4720205498093,847.720027704058,664.7121428525505,334.6145710471575,283.64843207303926,190.15910715012188,128.28421897282382,110.48399999999998
110.48399999999998,132.0470787069197,237.5593672675462,357.830181652167,520.8321678212659,887.4430967665743,898.7463522460398,850.0384384613816,785.370657457746,751.6594527483155,734.8454489903517,730.3370852220986,727.0469906059212,712.3233446446719,696.9789419457401,679.464793726614,691.5607360447337,704.0246976716867,714.3839999999999,704.0246976716867,691.5607360447337,679.4647937266138,696.9789419457398,712.323344644672,727.0469906059212,730.3370852220985,734.8454489903517,751.6594527483148,785.3706574577466,850.0384384613824,898.7463522460394,887.4430967665734,520.8321678212659,357.830181652167,237.55936726754578,132.04707870691976,110.48399999999998
110.48399999999998,135.7664242645781,295.4732950185352,432.5541535913756,796.4072484216058,985.2758566609825,927.1626953523319,870.3599865541141,806.0863298479824,780.4348334028513,756.6012368120993,762.992569440388,761.8300369806894,746.9980296941919,740.7669701255394,727.5119067684589,723.9348696235476,706.0300074574833,678.876,706.0300074574833,723.9348696235475,727.511906768459,740.7669701255394,746.9980296941919,761.8300369806894,762.992569440388,756.6012368120993,780.4348334028513,806.0863298479824,870.3599865541145,927.1626953523323,985.2758566609806,796.4072484216058,432.554153591375,295.4732950185358,135.76642426457815,110.48399999999998
110.48399999999998,139.28915137517103,366.6673362140014,521.9793588010555,1036.3187255540201,1065.5254935833636,961.318813599734,896.0184074364331,831.7225175555816,804.8115227890215,796.3176851857024,797.7602209485417,800.9582026742829,794.1037600633038,800.4570155701061,796.9735032280993,764.0626488912777,714.2875012086803,661.122,714.2875012086803,764.0626488912777,796.9735032280994,800.4570155701063,794.1037600633038,800.958202674283,797.7602209485417,796.3176851857027,804.8115227890211,831.7225175555812,896.0184074364331,961.3188135997345,1065.5254935833657,1036.3187255540176,521.9793588010555,366.66733621400306,139.28915137517103,110.48399999999998
110.48399999999998,144.92607219654246,446.14601175934905,682.0204072756474,1159.3662635788357,1131.6815748676952,1026.228890420522,912.2387440972245,855.9807361757531,830.1352484926472,840.4705607307598,834.9413798260055,835.9909217121141,834.3145799093517,836.9808491395833,821.8415942707935,809.5682253173578,814.8942232185059,815.958,814.8942232185059,809.5682253173578,821.8415942707935,836.9808491395833,834.3145799093517,835.9909217121141,834.9413798260056,840.47056073076,830.1352484926475,855.9807361757533,912.2387440972242,1026.228890420522,1131.6815748676934,1159.3662635788367,682.0204072756496,446.146011759348,144.9260721965424,110.48399999999998
110.48399999999998,153.97145431782747,535.7262434220851,878.5644286630006,1239.7328370397297,1203.120658682761,1093.9908305010192,935.3116742983781,883.1231402415522,880.2877480203401,870.3670792417496,872.8427960379373,873.9941359672546,877.1579006752936,881.892508771942,890.9536113211863,908.9978135039302,924.6895754369884,932.3820000000001,924.6895754369884,908.9978135039302,890.9536113211863,881.8925087719422,877.1579006752936,873.9941359672546,872.8427960379374,870.3670792417496,880.2823352616008,883.1231402415522,935.3116742983772,1093.9908305010201,1203.120658682761,1239.7328370397297,878.5644286630006,535.7262434220851,153.97145431782747,110.48399999999998
110.48399999999998,162.1398114240511,628.0852816601889,1096.353455503196,1386.383336327535,1271.1335736367548,1158.0282676924996,995.5574566283497,928.8896480403382,912.5608656064122,919.5867840759552,900.3830829783533,916.6403307332548,915.0541610465542,925.7740362162309,937.1560311545203,954.9202698059789,968.4860659849187,968.352,968.4860659849187,954.9202698059789,937.1560311545203,925.7740362162309,915.0541610465542,916.6403307332548,900.3830829783533,919.5867840759553,912.5608656064117,928.8896480403382,995.5574566283491,1158.0282676924987,1271.133573636754,1386.3833363275326,1096.3534555031983,628.0852816601877,162.13981142405115,110.48399999999998
110.48399999999998,169.334044279724,724.1004467934802,1299.6082007916882,1547.7414944326263,1391.7092634279295,1217.3198101513292,1052.3511515283808,1012.800586620163,960.7827303247689,962.3858477856033,951.9665005367029,971.6528160923621,983.4657860846353,954.3608321455264,978.6095359449846,995.5294406877722,977.4106152403054,980.694,977.4106152403054,995.5294406877722,978.6095359449846,954.3608321455264,983.465786084635,971.6528160923618,951.9665005367029,962.3858477856037,960.7827303247694,1012.7671937485941,1052.3511515283813,1217.3198101513274,1391.709263427934,1547.741494432621,1299.6082007916814,724.1004467934818,169.3340442797241,110.48399999999998
110.48399999999998,175.4564012121708,817.1038915445539,1489.5250710981368,1709.0749164564127,1575.6706169266147,1344.9480795015381,1116.2578496131816,1096.5134538050343,1063.3184784665443,1028.5253087738802,1002.0189086586547,1039.531277855879,1039.3170034514123,999.1878832627946,1033.0371652409688,1054.1472614071536,1041.5145232218524,986.502,1041.5145232218524,1054.1472614071536,1033.0371652409688,999.1878832627948,1039.3170034514123,1039.5312778558791,1002.0189086586547,1028.5253087738793,1063.3184784665436,1096.5134538050347,1116.2578496131812,1344.9480795015422,1575.6706169266172,1709.0749164564177,1489.5250710981368,817.1038915445555,175.4564012121705,110.48399999999998
110.48399999999998,180.4105598371357,903.7676185950153,1660.421186713871,1872.2232459894426,1757.9907407118296,1510.049535814675,1249.7019431152999,1205.1932261840027,1150.484712299388,1121.1191717519446,1097.8294718935067,1117.573513859184,1126.8151540311715,1060.7854329021295,1105.332103325579,1126.6723498074612,1115.8595315794462,918.39,1115.8595315794464,1126.6723498074612,1105.332103325579,1060.7854329021293,1126.815154031172,1117.5735138591845,1097.8294718935074,1121.1191717519446,1150.484712299388,1205.1932261840009,1249.7019431152999,1510.049535814675,1757.9907407118346,1872.2232459894399,1660.4211867138756,903.7676185950171,180.410559837136,110.48399999999998
110.48399999999998,184.10391437203472,980.5179084707406,1809.2280177693992,2036.94293408161,1943.5208713685406,1673.7317274112315,1387.1211120448834,1340.9187089532022,1274.1521003149185,1226.3094808331684,1197.2664275392149,1220.8106739328955,1231.3537025554667,1184.1949999393637,1198.1537367826975,1207.2087302655814,1159.2946694734417,990.5939999999999,1159.2946694734417,1207.2087302655812,1198.1537367826973,1184.194999939364,1231.3537025554667,1220.810673932896,1197.2664275392144,1226.3094808331684,1274.1521003149178,1340.9187089532022,1387.1211120448809,1673.7317274112315,1943.5208713685429,2036.94293408161,1809.228017769397,980.5179084707389,184.1039143720346,110.48399999999998
110.48399999999998,186.45,1043.658,1932.9419999999966,2201.364,2132.988,1848.923999999999,1529.088,1473.978,1396.956,1346.796,1322.6399999999999,1342.638,1377.7499999999998,1333.7939999999999,1327.128,1344.09,1261.92,1112.232,1261.92,1344.09,1327.128,1333.7939999999999,1377.7499999999998,1342.638,1322.6399999999999,1346.796,1396.956,1473.978,1529.088,1848.923999999999,2132.988,2201.364,1932.9419999999966,1043.658,186.45,110.48399999999998
110.48399999999998,190.59861533751507,1099.5137573524219,2064.739183249329,2372.600918324123,2329.785395597958,2029.1803514757148,1667.3291311601458,1580.1570510676818,1492.4732906889208,1459.5450684956736,1450.0930721338082,1491.9883088149606,1542.532395074683,1476.223727643054,1459.072518026196,1467.4603254025915,1388.8177070607528,1331.682,1388.8177070607528,1467.4603254025915,1459.072518026196,1476.223727643054,1542.532395074683,1491.9883088149606,1450.0930721338082,1459.5450684956734,1492.4732906889205,1580.157051067682,1667.329131160147,2029.1803514757146,2329.785395597956,2372.600918324124,2064.7391832493277,1099.5137573524223,190.59861533751527,110.48399999999998
110.48399999999998,192.91043897184645,1134.3872694773845,2165.7198014583837,2538.231434060605,2534.5553722557866,2226.1766035858923,1809.4699080434475,1666.6844345992502,1575.3321119923385,1535.241598708717,1547.4959520989407,1621.7350192545275,1682.2133924649606,1584.984417366921,1559.9644889648744,1556.4581477152965,1484.2282293320636,1441.9679999999998,1484.2282293320636,1556.4581477152965,1559.9644889648744,1584.984417366921,1682.2133924649609,1621.7350192545277,1547.495952098941,1535.2415987087172,1575.3321119923385,1666.6844345992504,1809.4699080434475,2226.1766035858927,2534.555372255785,2538.231434060606,2165.7198014583864,1134.3872694773827,192.9104389718466,110.48399999999998
110.48399999999998,192.9998261814229,1144.8750691971045,2233.355563451424,2668.140461410119,2679.133827112153,2409.4447672701276,1951.3049669314876,1716.4169032290833,1579.140633824387,1547.6399702392905,1573.9584498930772,1664.869275555058,1751.1959449053074,1619.3420943274532,1568.1229169650953,1551.62048583907,1521.8579966434816,1492.326,1521.8579966434813,1551.6204858390702,1568.1229169650953,1619.3420943274534,1751.1959449053074,1664.869275555058,1573.9584498930772,1547.6399702392905,1579.140633824387,1716.4169032290833,1951.3049669314876,2409.4447672701276,2679.133827112153,2668.1404614101193,2233.355563451425,1144.8750691971036,192.99982618142306,110.48399999999998
110.48399999999998,190.5215098269385,1127.9830678599283,2239.9467678910833,2701.941604540663,2821.8065081547957,2542.002903285917,1990.081285555191,1735.056299111824,1542.6082714420108,1469.0950712018998,1500.5473306180404,1578.727527145558,1674.1858877532602,1562.6113401547389,1504.5518182252192,1490.4054047403872,1477.5407675943432,1463.8139999999999,1477.5407675943432,1490.4054047403874,1504.5518182252192,1562.6113401547389,1674.1858877532604,1578.727527145558,1500.5473306180404,1469.0950712019,1542.6082714420108,1735.0562991118245,1990.0812855551906,2542.002903285917,2821.806508154794,2701.941604540663,2239.9467678910833,1127.9830678599299,190.52150982693868,110.48399999999998
110.48399999999998,185.18384328337498,1081.2427665302694,2110.088274409379,2748.1477172602986,2847.0489190360327,2573.6076879164843,1999.0352904756521,1693.4222176091719,1443.5445094817605,1322.6793479642615,1340.2814764424215,1413.8157156602574,1494.076270477174,1401.9700026856665,1359.1348031101404,1346.0288237945715,1358.0618497919731,1349.436,1358.0618497919731,1346.0288237945715,1359.1348031101404,1401.970002685666,1494.0762704771737,1413.8157156602572,1340.2814764424213,1322.6793479642613,1443.5445094817605,1693.4222176091716,1999.035290475651,2573.6076879164834,2847.048919036033,2748.1477172602986,2110.088274409379,1081.2427665302696,185.18384328337487,110.48399999999998
110.48399999999998,176.76050420149502,1008.5674838721656,1961.305181033699,2779.7424933471784,2739.951835479388,2541.818203093019,1981.035834240027,1570.829548368957,1342.6748724746328,1166.1881199939846,1155.3672373759423,1214.094506773199,1281.1523734254831,1269.2200918490184,1200.7594783882053,1151.6407343668461,1183.785612499901,1188.396,1183.785612499901,1151.6407343668461,1200.7594783882053,1269.2200918490184,1281.1523734254833,1214.0945067731989,1155.3672373759423,1166.1881199939842,1342.6748724746321,1570.8295483689562,1981.0358342400268,2541.8182030930166,2739.951835479388,2779.742493347177,1961.305181033699,1008.5674838721656,176.76050420149502,110.48399999999998
110.48399999999998,165.10027296683862,861.227956541575,1839.8475497916827,2657.343956768307,2586.631133187021,2391.723431438548,1916.7226149990038,1426.0608540507958,1206.4427680550014,1022.335419407931,957.9239234287104,1022.5955169128146,1071.2263347925173,1062.8392217259448,1006.7551259258261,966.4416224035659,988.4283724511616,988.1519999999999,988.4283724511616,966.441622403566,1006.7551259258265,1062.839221725945,1071.2263347925175,1022.5955169128144,957.92392342871,1022.335419407931,1206.4427680550014,1426.0608540507965,1916.7226149990038,2391.7234314385473,2586.680088970444,2657.3439567683076,1839.8475497916827,861.227956541575,165.10027296683865,110.48399999999998
110.48399999999998,158.05515180295623,714.5773219810603,1693.9395207675307,2419.106831440743,2348.4147966475875,2177.832746328157,1784.8102809375218,1328.9821537940081,1064.1930041782668,916.0037748755112,836.1255405589295,848.8520076885873,868.6028453336825,853.8879962319204,809.6506166686123,793.4470809811331,794.2782009480293,780.054,794.2782009480293,793.4470809811331,809.6506166686123,853.8879962319204,868.6028453336827,848.8520076885873,836.1255405589295,916.0037748755117,1064.1930041782664,1328.9821537940081,1784.810280937524,2177.832746328157,2348.4147966475884,2419.1068314407426,1693.9395207675307,714.5773219810604,158.05515180295623,110.48399999999998
110.48399999999998,154.21442488256008,565.1575898693781,1450.9165760620963,2024.5154244200746,2176.571225853406,1865.555379394541,1570.3845480941034,1219.9595736011152,954.3721879406527,812.2131369403588,741.927941229731,699.6323468354059,701.4505437277618,684.4806142106866,643.5784640418151,634.3826175739975,621.8598660565902,597.102,621.8598660565902,634.3826175739974,643.5784640418151,684.4806142106862,701.4505437277618,699.6323468354059,741.9279412297313,812.213136940359,954.3721879406527,1219.959573601116,1570.384548094103,1865.5553793945423,2176.571225853406,2024.5156909229047,1450.9165760620967,565.1575898693782,154.21442488256008,110.48399999999998
110.48399999999998,149.43913378948187,428.8469147320124,1142.3101151318276,1603.3085868021888,1895.359443254144,1589.8720978299948,1342.512352225773,1084.518921463968,879.6300377303993,749.0181705680099,660.7989117608231,606.1118945707286,578.1973610230071,551.2917075516689,520.6798532472619,503.9132146500349,480.6171678800838,448.46999999999997,480.6171678800838,503.9132146500349,520.6798532472619,551.2917075516689,578.1973610230071,606.1118945707286,660.7989117608229,749.0181705680095,879.6300377303997,1084.518921463968,1342.5123522257745,1589.8720978299955,1895.3594432541427,1603.3494335658418,1142.310115131828,428.846914732013,149.43913378948184,110.48399999999998
110.48399999999998,144.93064788520869,309.5579426712401,833.534683709362,1277.4243681118128,1330.0365528337277,1378.3483560754808,1109.2886445984207,928.318564933441,791.453388657666,693.3528808626214,590.592325868371,529.9970410065046,487.80729147550926,444.7386872704453,411.9038441608638,389.83414821472877,360.19488331223977,324.126,360.1948833122399,389.83414821472877,411.9038441608638,444.7386872704452,487.80729147550926,529.9970410065047,590.5923258683714,693.3528808626214,791.4533886576653,928.3185649334414,1109.2886445984204,1378.3483560754805,1330.0365528337281,1277.424368111813,833.5346837093618,309.5579426712401,144.93064788520869,110.48399999999998
110.48399999999998,141.85756199324163,218.92441109489198,573.7862928701846,923.1301595639518,884.9518594015249,1034.2952499409519,970.7461608294877,823.9507347212375,706.4927022862204,627.9908162135165,543.4708451907404,477.1756819827876,414.32990374507466,357.09026887640573,316.6243091586759,291.191086233701,261.4820833013193,227.50199999999998,261.4820833013193,291.191086233701,316.62430915867577,357.09026887640573,414.32990374507466,477.1756819827876,543.4708451907404,627.9908162135166,706.4927022862206,823.9507347212374,970.7461608294878,1034.2952499409505,884.9518594015243,923.1301595639521,573.7862928701849,218.92441109489192,141.85756199324166,110.48399999999998
110.48399999999998,138.54948457456632,173.73057993301728,364.80356951083917,563.5248756920752,621.1364361891752,513.9277636336988,701.5667297696009,739.5826024225731,648.6168297374513,565.466042868177,489.18357641751857,425.39751959672606,351.9239106500841,272.8054591655078,236.96044351622638,223.23060753040454,204.0576535480382,181.698,204.0576535480382,223.23060753040454,236.9604435162264,272.8054591655075,351.923910650084,425.39751959672606,489.18357641751834,565.4660428681769,648.6168297374511,739.5826024225731,701.566729769601,513.9277636336991,621.1364361891756,563.5248756920748,364.80356951083917,173.73057993301734,138.5494845745663,110.48399999999998
110.48399999999998,135.2430218967255,152.24172468579886,225.26393023110984,321.18946990075546,371.9632192673709,337.0400664154505,287.51921537910033,391.0976192473017,565.6493567344876,528.4596290599721,449.2209834606686,378.38549408754835,311.0627871803431,242.85940831180528,205.94637352301567,178.96915099742284,152.31307120669425,124.67399999999999,152.31307120669416,178.96915099742284,205.9463735230157,242.85940831180528,311.0627871803431,378.3854940875486,449.2209834606683,528.459629059972,565.6493567344876,391.0976192473017,287.51921537910056,337.0400664154502,371.96321926737124,321.1894699007552,225.26393023110984,152.24172468579889,135.2430218967255,110.48399999999998
110.48399999999998,131.89184968263757,140.3273929000823,159.38144458467457,181.69259902897528,213.34047653090533,204.5145373573282,192.19331034752452,173.07529015389372,212.65381585857736,310.98368738644257,349.6760828045069,339.48905962138286,280.9746529935614,210.32772657591502,173.88646033831526,142.2647732972336,110.09135537327897,77.616,110.09135537327906,142.2647732972337,173.88646033831535,210.32772657591502,280.97465299356134,339.48905962138264,349.6760828045069,310.98368738644257,212.6538158585774,173.07529015389383,192.19331034752463,204.51453735732815,213.34047653090545,181.69259902897542,159.38144458467454,140.3273929000823,131.89184968263754,110.48399999999998
110.48399999999998,128.2706129612084,130.1533144637726,138.14344777885987,132.27684511212567,132.5506254500002,124.53642333464076,127.38418016448516,119.67416575979202,119.82513055251074,125.15665851609907,122.35904061753898,114.93068149728542,101.91409730252896,92.78407185986528,90.69174628827675,82.18310939804613,68.67398421330452,52.47,68.67398421330455,82.18310939804618,90.69174628827678,92.78407185986528,101.91409730252894,114.93068149728545,122.35904061753902,125.1566585160991,119.82513055251074,119.67416575979209,127.38418016448519,124.53642333464077,132.55062545000027,132.27684511212567,138.14344777885987,130.15331446377257,128.27061296120843,110.48399999999998
110.48399999999998,124.1762495427382,121.44418144248802,122.68115810857115,111.57339373539685,105.27965475642485,93.27257691090907,87.46233524878045,80.02304453228852,77.2232308461905,74.65294786750962,69.74781102596921,64.00359339087377,57.25674002373138,49.676871368588905,47.10427118486529,44.467707811063455,41.698873232765514,38.808,41.698873232765514,44.46770781106344,47.10427118486528,49.676871368588905,57.25674002373136,64.00359339087379,69.74781102596921,74.65294786750961,77.22323084619052,80.02304453228845,87.46233524878046,93.27257691090904,105.27965475642486,111.57339373539682,122.68115810857118,121.44418144248799,124.1762495427382,110.48399999999998
110.48399999999998,119.98799999999994,113.322,109.03199999999993,95.36999999999999,87.318,75.37199999999996,68.96999999999998,61.512,57.486000000000004,53.459999999999994,49.48350000000001,45.506999999999984,41.53049999999999,37.554,35.17799999999999,32.802,30.426000000000002,28.049999999999997,30.426000000000002,32.802,35.17799999999999,37.554,41.5305,45.507,49.48349999999999,53.459999999999994,57.48599999999999,61.512,68.96999999999998,75.37199999999999,87.318,95.36999999999998,109.032,113.322,119.98799999999997,110.48399999999998
110.48399999999998,115.81722211530088,106.20943169046171,98.21004558157314,82.80931653966839,73.53668326249536,61.83343284016283,55.223854394439996,48.68198855263794,44.790187370557945,41.24337255459499,37.57901698729468,34.152923600350505,30.919096051327575,27.854545874014345,25.815869953507935,23.888780696202783,22.043466836155297,20.261999999999997,22.04346683615529,23.88878069620278,25.815869953507935,27.854545874014345,30.919096051327568,34.15292360035051,37.57901698729468,41.243372554594984,44.79018737055795,48.681988552637904,55.22385439444001,61.8334328401628,73.53668326249536,82.80931653966836,98.21004558157314,106.20943169046168,115.81722211530088,110.48399999999998
110.48399999999998,111.61569967242626,98.93369276742548,88.35469353171374,72.33868539972447,61.759596315580865,50.808004936635584,44.47267025333352,38.262588078277496,34.648944225599564,31.654502726611966,28.473136981090605,25.565102639491183,0.0,0.0,0.0,0.0,0.0,0.0,0.0,0.0,0.0,0.0,0.0,25.565102639491187,28.473136981090605,31.654502726611973,34.64894422559957,38.26258807827751,44.472670253333526,50.80800493663559,61.759596315580886,72.33868539972447,88.35469353171375,98.93369276742547,111.6156996724263,110.48399999999998
110.48399999999998,107.60361301257059,91.88932729260245,78.91968297590802,62.94341786028166,52.41910989267609,43.17106227999671,36.92998249241285,0.0,0.0,0.0,0.0,0.0,0.0,0.0,0.0,0.0,0.0,0.0,0.0,0.0,0.0,0.0,0.0,0.0,0.0,0.0,0.0,0.0,36.92998249241285,43.17106227999671,52.41910989267609,62.943417860281684,78.91968297590802,91.88932729260246,107.60361301257056,110.48399999999998
110.48399999999998,103.72752858404046,85.43144057093322,70.44093539390234,54.85808790744858,45.31617671991001,0.0,0.0,0.0,0.0,0.0,0.0,0.0,0.0,0.0,0.0,0.0,0.0,0.0,0.0,0.0,0.0,0.0,0.0,0.0,0.0,0.0,0.0,0.0,0.0,0.0,45.31617671991002,54.85808790744857,70.44093539390234,85.43144057093325,103.72752858404047,110.48399999999998
110.48399999999998,99.95504669210248,79.54861546125231,62.775661777528114,48.7129039958832,0.0,0.0,0.0,0.0,0.0,0.0,0.0,0.0,0.0,0.0,0.0,0.0,0.0,0.0,0.0,0.0,0.0,0.0,0.0,0.0,0.0,0.0,0.0,0.0,0.0,0.0,0.0,48.71290399588319,62.775661777528114,79.54861546125234,99.95504669210247,110.48399999999998
110.48399999999998,96.33163776701888,73.90990578488147,56.695189048909604,0.0,0.0,0.0,0.0,0.0,0.0,0.0,0.0,0.0,0.0,0.0,0.0,0.0,0.0,0.0,0.0,0.0,0.0,0.0,0.0,0.0,0.0,0.0,0.0,0.0,0.0,0.0,0.0,0.0,56.695189048909604,73.90990578488149,96.33163776701888,110.48399999999998
110.48399999999998,92.87574711249746,69.21133024606682,51.79818877369129,0.0,0.0,0.0,0.0,0.0,0.0,0.0,0.0,0.0,0.0,0.0,0.0,0.0,0.0,0.0,0.0,0.0,0.0,0.0,0.0,0.0,0.0,0.0,0.0,0.0,0.0,0.0,0.0,0.0,51.79818877369129,69.21133024606681,92.87574711249746,110.48399999999998
110.48399999999998,89.74103808651795,65.22309720191443,0.0,0.0,0.0,0.0,0.0,0.0,0.0,0.0,0.0,0.0,0.0,0.0,0.0,0.0,0.0,0.0,0.0,0.0,0.0,0.0,0.0,0.0,0.0,0.0,0.0,0.0,0.0,0.0,0.0,0.0,0.0,65.22309720191447,89.74103808651793,110.48399999999998
110.48399999999998,86.84180613189413,61.8704888292915,0.0,0.0,0.0,0.0,0.0,0.0,0.0,0.0,0.0,0.0,0.0,0.0,0.0,0.0,0.0,0.0,0.0,0.0,0.0,0.0,0.0,0.0,0.0,0.0,0.0,0.0,0.0,0.0,0.0,0.0,0.0,61.87048882929152,86.84180613189413,110.48399999999998
110.48399999999998,84.10981174838757,59.17099643003821,0.0,0.0,0.0,0.0,0.0,0.0,0.0,0.0,0.0,0.0,0.0,0.0,0.0,0.0,0.0,0.0,0.0,0.0,0.0,0.0,0.0,0.0,0.0,0.0,0.0,0.0,0.0,0.0,0.0,0.0,0.0,59.17099643003821,84.10981174838759,110.48399999999998
110.48399999999998,81.61368778068996,56.86131221829675,0.0,0.0,0.0,0.0,0.0,0.0,0.0,0.0,0.0,0.0,0.0,0.0,0.0,0.0,0.0,0.0,0.0,0.0,0.0,0.0,0.0,0.0,0.0,0.0,0.0,0.0,0.0,0.0,0.0,0.0,0.0,56.86131221829675,81.61368778068996,110.48399999999998
110.48399999999998,79.43736615714172,55.10283037297986,0.0,0.0,0.0,0.0,0.0,0.0,0.0,0.0,0.0,0.0,0.0,0.0,0.0,0.0,0.0,0.0,0.0,0.0,0.0,0.0,0.0,0.0,0.0,0.0,0.0,0.0,0.0,0.0,0.0,0.0,0.0,55.10283037297986,79.43736615714172,110.48399999999998
110.48399999999998,77.52541041374619,0.0,0.0,0.0,0.0,0.0,0.0,0.0,0.0,0.0,0.0,0.0,0.0,0.0,0.0,0.0,0.0,0.0,0.0,0.0,0.0,0.0,0.0,0.0,0.0,0.0,0.0,0.0,0.0,0.0,0.0,0.0,0.0,0.0,77.52541041374617,110.48399999999998
110.48399999999998,75.88545307421961,0.0,0.0,0.0,0.0,0.0,0.0,0.0,0.0,0.0,0.0,0.0,0.0,0.0,0.0,0.0,0.0,0.0,0.0,0.0,0.0,0.0,0.0,0.0,0.0,0.0,0.0,0.0,0.0,0.0,0.0,0.0,0.0,0.0,75.88545307421963,110.48399999999998
110.48399999999998,74.52137026861519,0.0,0.0,0.0,0.0,0.0,0.0,0.0,0.0,0.0,0.0,0.0,0.0,0.0,0.0,0.0,0.0,0.0,0.0,0.0,0.0,0.0,0.0,0.0,0.0,0.0,0.0,0.0,0.0,0.0,0.0,0.0,0.0,0.0,74.52137026861519,110.48399999999998
110.48399999999998,73.4335059875044,0.0,0.0,0.0,0.0,0.0,0.0,0.0,0.0,0.0,0.0,0.0,0.0,0.0,0.0,0.0,0.0,0.0,0.0,0.0,0.0,0.0,0.0,0.0,0.0,0.0,0.0,0.0,0.0,0.0,0.0,0.0,0.0,0.0,73.43350598750442,110.48399999999998
110.48399999999998,72.61897026540832,0.0,0.0,0.0,0.0,0.0,0.0,0.0,0.0,0.0,0.0,0.0,0.0,0.0,0.0,0.0,0.0,0.0,0.0,0.0,0.0,0.0,0.0,0.0,0.0,0.0,0.0,0.0,0.0,0.0,0.0,0.0,0.0,0.0,72.61897026540834,110.48399999999998
110.48399999999998,72.07199999999982,0.0,0.0,0.0,0.0,0.0,0.0,0.0,0.0,0.0,0.0,0.0,0.0,0.0,0.0,0.0,0.0,0.0,0.0,0.0,0.0,0.0,0.0,0.0,0.0,0.0,0.0,0.0,0.0,0.0,0.0,0.0,0.0,0.0,72.07199999999982,110.48399999999998
